-9.000000000000002 4492952.374910688 4492952.374910687 4492952.173149426 4492952.368821296
-8.981981981981985 4494508.048018329 4494508.048018326 4494507.846045882 4494508.042119636
-8.963963963963966 4496063.7178519 4496063.717851899 4496063.51566842 4496063.712141327
-8.945945945945949 4497619.384400441 4497619.384400439 4497619.182006088 4497619.378875414
-8.927927927927932 4499175.04765294 4499175.047652937 4499174.845047876 4499175.042310904
-8.909909909909915 4500730.707598328 4500730.707598326 4500730.504782722 4500730.702436742
-8.891891891891888 4502286.364225485 4502286.364225482 4502286.161199512 4502286.359241823
-8.873873873873871 4503842.017523232 4503842.017523229 4503841.814287071 4503842.012714983
-8.855855855855852 4505397.667480341 4505397.667480338 4505397.464034176 4505397.662845004
-8.837837837837835 4506953.314085524 4506953.314085522 4506953.110429545 4506953.309620618
-8.819819819819818 4508508.95732744 4508508.957327437 4508508.753461841 4508508.953030495
-8.801801801801801 4510064.597194692 4510064.597194689 4510064.393119675 4510064.593063253
-8.783783783783784 4511620.233675826 4511620.233675824 4511620.029391598 4511620.229707454
-8.765765765765765 4513175.866759331 4513175.866759329 4513175.662266103 4513175.8629516
-8.747747747747749 4514731.496433641 4514731.496433639 4514731.29173163 4514731.49278414
-8.729729729729732 4516287.122687132 4516287.122687129 4516286.917776562 4516287.119193464
-8.711711711711715 4517842.74550812 4517842.745508119 4517842.540389221 4517842.742167903
-8.693693693693696 4519398.364884866 4519398.364884865 4519398.159557873 4519398.361695734
-8.675675675675679 4520953.980805573 4520953.98080557 4520953.775270726 4520953.977765172
-8.657657657657662 4522509.593258383 4522509.59325838 4522509.38751593 4522509.590364373
-8.639639639639645 4524065.202231381 4524065.202231377 4524064.996281574 4524065.19948144
-8.621621621621617 4525620.80771259 4525620.807712588 4525620.601555693 4525620.805104411
-8.603603603603601 4527176.409689976 4527176.409689972 4527176.203326251 4527176.407221261
-8.585585585585582 4528732.008151442 4528732.008151438 4528731.801581163 4528732.005819913
-8.567567567567565 4530287.603084834 4530287.603084832 4530287.396308282 4530287.600888228
-8.549549549549548 4531843.194477935 4531843.194477932 4531842.987495393 4531843.192413998
-8.531531531531531 4533398.782318467 4533398.782318464 4533398.575130228 4533398.780384965
-8.513513513513512 4534954.366594089 4534954.366594086 4534954.159200451 4534954.3647888
-8.495495495495495 4536509.947292401 4536509.947292399 4536509.73969367 4536509.945613119
-8.477477477477478 4538065.524400938 4538065.524400936 4538065.316597428 4538065.522845472
-8.459459459459461 4539621.097907173 4539621.09790717 4539620.889899202 4539621.096473344
-8.441441441441444 4541176.667798515 4541176.667798514 4541176.459586414 4541176.666484164
-8.423423423423426 4542732.234062311 4542732.234062307 4542732.025646409 4542732.232865286
-8.405405405405409 4544287.796685843 4544287.796685841 4544287.588066485 4544287.795604014
-8.387387387387392 4545843.355656328 4545843.355656325 4545843.146833859 4545843.354687575
-8.369369369369375 4547398.91096092 4547398.910960917 4547398.701935698 4547398.910103141
-8.351351351351347 4548954.462586707 4548954.462586704 4548954.253359097 4548954.461837812
-8.33333333333333 4550510.010520708 4550510.010520704 4550509.801091081 4550510.009878625
-8.315315315315312 4552065.55474988 4552065.554749878 4552065.345118617 4552065.554212551
-8.297297297297295 4553621.095261115 4553621.095261113 4553620.885428601 4553621.094826492
-8.279279279279278 4555176.632041233 4555176.63204123 4555176.422007861 4555176.631707286
-8.261261261261261 4556732.165076988 4556732.165076986 4556731.954843166 4556732.164841708
-8.243243243243242 4558287.694355071 4558287.694355069 4558287.483921207 4558287.694216453
-8.225225225225225 4559843.219862099 4559843.219862096 4559843.009228613 4559843.21981816
-8.207207207207208 4561398.741584621 4561398.741584619 4561398.530751944 4561398.741633392
-8.189189189189191 4562954.259509124 4562954.259509121 4562954.048477689 4562954.259648648
-8.171171171171174 4564509.773622015 4564509.773622013 4564509.562392268 4564509.773850352
-8.153153153153156 4566065.283909638 4566065.283909636 4566065.072482033 4566065.284224861
-8.135135135135139 4567620.790358266 4567620.790358263 4567620.578733265 4567620.790758464
-8.117117117117111 4569176.292954099 4569176.292954098 4569176.081132176 4569176.293437378
-8.099099099099105 4570731.791683266 4570731.791683265 4570731.579664902 4570731.792247744
-8.081081081081077 4572287.286531826 4572287.286531825 4572287.074317508 4572287.287175637
-8.063063063063069 4573842.777485766 4573842.777485765 4573842.565075996 4573842.778207058
-8.045045045045041 4575398.264531 4575398.264530999 4575398.051926285 4575398.265327936
-8.027027027027025 4576953.747653365 4576953.747653365 4576953.534854226 4576953.748524125
-8.009009009009008 4578509.226838629 4578509.226838628 4578509.013845591 4578509.227781403
-7.99099099099099 4580064.702072486 4580064.702072485 4580064.488886088 4580064.703085485
-7.972972972972973 4581620.173340554 4581620.173340553 4581619.959961344 4581620.174422001
-7.954954954954955 4583175.640628377 4583175.640628376 4583175.427056911 4583175.641776507
-7.936936936936938 4584731.103921421 4584731.103921421 4584730.89015827 4584731.105134488
-7.91891891891892 4586286.563205078 4586286.563205078 4586286.349250819 4586286.564481352
-7.900900900900903 4587842.018464666 4587842.018464666 4587841.804319886 4587842.019802427
-7.882882882882886 4589397.469685423 4589397.469685424 4589397.255350724 4589397.47108297
-7.864864864864868 4590952.91685251 4590952.91685251 4590952.7023285 4590952.918308153
-7.846846846846852 4592508.359951011 4592508.359951012 4592508.145238313 4592508.361463079
-7.828828828828834 4594063.79896593 4594063.798965931 4594063.584065176 4594063.800532765
-7.810810810810806 4595619.233882196 4595619.233882196 4595619.018794028 4595619.235502154
-7.792792792792789 4597174.664684653 4597174.664684654 4597174.449409727 4597174.666356109
-7.774774774774771 4598730.09135807 4598730.09135807 4598729.87589705 4598730.093079407
-7.756756756756754 4600285.513887133 4600285.513887133 4600285.298240698 4600285.515656754
-7.738738738738737 4601840.932256449 4601840.93225645 4601840.716425288 4601840.934072771
-7.72072072072072 4603396.346450541 4603396.346450542 4603396.130435356 4603396.348311996
-7.702702702702703 4604951.756453853 4604951.756453854 4604951.540255358 4604951.758358887
-7.684684684684685 4606507.162250746 4606507.162250747 4606506.945869665 4606507.164197821
-7.666666666666668 4608062.563825496 4608062.563825496 4608062.347262566 4608062.565813085
-7.64864864864865 4609617.961162296 4609617.961162297 4609617.744418271 4609617.963188895
-7.630630630630633 4611173.354245257 4611173.354245258 4611173.137320897 4611173.356309368
-7.612612612612615 4612728.743058402 4612728.743058404 4612728.525954487 4612728.745158549
-7.594594594594598 4614284.127585675 4614284.127585676 4614283.910302992 4614284.129720393
-7.576576576576581 4615839.507810927 4615839.507810928 4615839.290350279 4615839.509978766
-7.558558558558564 4617394.883717928 4617394.88371793 4617394.666080132 4617394.885917456
-7.540540540540536 4618950.255290361 4618950.255290363 4618950.037476244 4618950.257520154
-7.522522522522519 4620505.622511816 4620505.622511818 4620505.404522223 4620505.624770471
-7.504504504504501 4622060.985365802 4622060.985365803 4622060.767201589 4622060.987651928
-7.486486486486484 4623616.343835738 4623616.34383574 4623616.125497779 4623616.346147963
-7.468468468468466 4625171.697904949 4625171.69790495 4625171.479394129 4625171.700241912
-7.450450450450449 4626727.047556679 4626727.047556682 4626726.828873898 4626727.049917033
-7.432432432432432 4628282.392774073 4628282.392774075 4628282.173920247 4628282.39515649
-7.414414414414415 4629837.733540193 4629837.733540195 4629837.51451625 4629837.735943355
-7.396396396396398 4631393.069838005 4631393.069838007 4631392.850644892 4631393.072260613
-7.37837837837838 4632948.401650385 4632948.401650388 4632948.182289061 4632948.404091151
-7.360360360360363 4634503.728960115 4634503.728960115 4634503.509431555 4634503.731417768
-7.342342342342345 4636059.051749884 4636059.051749886 4636058.832055083 4636059.054223171
-7.324324324324328 4637614.370002292 4637614.370002293 4637614.150142254 4637614.372489966
-7.306306306306301 4639169.683699839 4639169.683699841 4639169.463675591 4639169.686200676
-7.288288288288293 4640724.992824931 4640724.992824932 4640724.77263751 4640724.995337716
-7.270270270270266 4642280.297359881 4642280.297359883 4642280.077010347 4642280.299883421
-7.252252252252249 4643835.597286904 4643835.597286906 4643835.376776327 4643835.599820012
-7.234234234234231 4645390.89258812 4645390.892588121 4645390.671917592 4645390.895129629
-7.216216216216214 4646946.183245551 4646946.183245552 4646945.96241618 4646946.185794309
-7.198198198198196 4648501.469241121 4648501.469241122 4648501.248254034 4648501.471795989
-7.180180180180179 4650056.750556654 4650056.750556655 4650056.529412993 4650056.753116509
-7.162162162162161 4651612.02717388 4651612.02717388 4651611.805874803 4651612.029737609
-7.144144144144144 4653167.29907442 4653167.299074421 4653167.07762111 4653167.301640934
-7.126126126126128 4654722.566239803 4654722.566239804 4654722.344633457 4654722.568808019
-7.10810810810811 4656277.828651455 4656277.828651456 4656277.606893288 4656277.831220308
-7.090090090090093 4657833.086290698 4657833.086290699 4657832.864381948 4657833.088859138
-7.072072072072075 4659388.339138756 4659388.339138756 4659388.117080673 4659388.341705742
-7.054054054054058 4660943.587176742 4660943.587176742 4660943.364970603 4660943.589741257
-7.03603603603603 4662498.830385675 4662498.830385674 4662498.608032771 4662498.83294671
-7.018018018018023 4664054.06874646 4664054.068746461 4664053.846248109 4664054.071303025
-6.999999999999996 4665609.302239907 4665609.302239907 4665609.079597441 4665609.304791022
-6.981981981981979 4667164.530846714 4667164.530846714 4667164.308061488 4667164.533391414
-6.963963963963961 4668719.754547473 4668719.754547474 4668719.531620864 4668719.757084813
-6.945945945945944 4670274.973322672 4670274.973322672 4670274.750256074 4670274.975851715
-6.927927927927926 4671830.187152689 4671830.187152691 4671829.963947521 4671830.189672516
-6.909909909909909 4673385.396017794 4673385.396017794 4673385.172675495 4673385.398527496
-6.891891891891891 4674940.599898149 4674940.599898148 4674940.376420178 4674940.602396836
-6.873873873873874 4676495.798773804 4676495.798773804 4676495.575161651 4676495.801260602
-6.855855855855857 4678050.992624703 4678050.992624702 4678050.768879872 4678050.995098745
-6.837837837837839 4679606.181430673 4679606.181430673 4679605.957554694 4679606.183891114
-6.819819819819823 4681161.365171436 4681161.365171435 4681161.141165859 4681161.367617438
-6.801801801801805 4682716.543826596 4682716.543826595 4682716.319692998 4682716.54625734
-6.783783783783788 4684271.717375645 4684271.717375644 4684271.493115626 4684271.719790326
-6.76576576576576 4685826.885797963 4685826.885797963 4685826.661413152 4685826.888195792
-6.747747747747753 4687382.049072814 4687382.049072812 4687381.824564855 4687382.05145301
-6.729729729729725 4688937.207179347 4688937.207179345 4688936.982549915 4688937.209541149
-6.711711711711708 4690492.360096595 4690492.360096594 4690492.135347389 4690492.362439255
-6.693693693693691 4692047.507803475 4692047.507803474 4692047.282936218 4692047.510126255
-6.675675675675674 4693602.650278783 4693602.650278782 4693602.425295227 4693602.652580964
-6.657657657657656 4695157.787501204 4695157.787501202 4695157.562403126 4695157.789782078
-6.639639639639639 4696712.919449295 4696712.919449292 4696712.694238496 4696712.92170817
-6.621621621621621 4698268.0461015 4698268.046101498 4698267.820779813 4698268.048337696
-6.603603603603604 4699823.16743614 4699823.167436139 4699822.942005421 4699823.169648996
-6.585585585585586 4701378.283431417 4701378.283431416 4701378.05789355 4701378.285620277
-6.567567567567569 4702933.394065407 4702933.394065405 4702933.168422308 4702933.396229635
-6.549549549549552 4704488.499316067 4704488.499316065 4704488.273569675 4704488.501455041
-6.531531531531535 4706043.599161228 4706043.599161227 4706043.373313518 4706043.601274338
-6.513513513513518 4707598.693578599 4707598.693578599 4707598.467631569 4707598.695665249
-6.49549549549549 4709153.782545766 4709153.782545764 4709153.556501444 4709153.784605372
-6.477477477477483 4710708.86604018 4710708.86604018 4710708.63990063 4710708.868072177
-6.459459459459455 4712263.944039179 4712263.944039177 4712263.717806488 4712263.946043009
-6.441441441441437 4713819.016519961 4713819.016519961 4713818.790196253 4713819.018495085
-6.42342342342342 4715374.083459605 4715374.083459605 4715373.857047032 4715374.085405495
-6.405405405405403 4716929.144835059 4716929.144835059 4716928.918335806 4716929.1467512
-6.387387387387386 4718484.200623137 4718484.200623137 4718483.974039422 4718484.20250903
-6.369369369369369 4720039.250800529 4720039.250800528 4720039.024134601 4720039.252655683
-6.351351351351351 4721594.29534379 4721594.295343789 4721594.068597933 4721594.297167733
-6.333333333333334 4723149.334229343 4723149.334229343 4723149.107405874 4723149.336021616
-6.315315315315316 4724704.367433481 4724704.367433481 4724704.140534751 4724704.369193637
-6.297297297297299 4726259.394932361 4726259.39493236 4726259.167960756 4726259.396659965
-6.279279279279281 4727814.416702007 4727814.416702006 4727814.189659948 4727814.418396639
-6.261261261261264 4729369.432718308 4729369.432718307 4729369.205608252 4729369.43437956
-6.243243243243247 4730924.442957015 4730924.442957014 4730924.215781454 4730924.444584493
-6.22522522522522 4732479.447393747 4732479.447393745 4732479.220155208 4732479.448987069
-6.207207207207213 4734034.446003979 4734034.446003977 4734034.218705031 4734034.447562776
-6.189189189189185 4735589.438763054 4735589.438763052 4735589.211406302 4735589.440286972
-6.171171171171167 4737144.42564617 4737144.425646169 4737144.198234256 4737144.427134866
-6.15315315315315 4738699.406628392 4738699.40662839 4738699.179163996 4738699.408081535
-6.135135135135132 4740254.381684637 4740254.381684637 4740254.154170481 4740254.383101913
-6.117117117117115 4741809.350789686 4741809.350789685 4741809.123228529 4741809.35217079
-6.099099099099099 4743364.313918174 4743364.313918175 4743364.08631282 4743364.315262815
-6.081081081081081 4744919.271044596 4744919.271044596 4744919.043397884 4744919.272352494
-6.063063063063064 4746474.222143302 4746474.2221433 4746473.994458114 4746474.22341419
-6.045045045045046 4748029.167188494 4748029.167188494 4748028.93946776 4748029.168422122
-6.027027027027029 4749584.106154231 4749584.106154231 4749583.878400919 4749584.107350358
-6.009009009009011 4751139.039014429 4751139.039014429 4751138.81123155 4751139.040172825
-5.990990990990994 4752693.96574285 4752693.965742849 4752693.73793346 4752693.966863298
-5.972972972972976 4754248.886313113 4754248.886313112 4754248.658480314 4754248.887395409
-5.954954954954959 4755803.800698684 4755803.800698684 4755803.572845621 4755803.801742637
-5.936936936936942 4757358.708872885 4757358.708872884 4757358.48100275 4757358.709878313
-5.918918918918915 4758913.610808881 4758913.610808881 4758913.382924913 4758913.611775621
-5.900900900900897 4760468.506479689 4760468.506479688 4760468.278585173 4760468.507407582
-5.88288288288288 4762023.395858174 4762023.395858174 4762023.167956446 4762023.396747078
-5.864864864864862 4763578.278917045 4763578.278917043 4763578.051011487 4763578.279766829
-5.846846846846845 4765133.155628863 4765133.155628861 4765132.927722908 4765133.156439405
-5.828828828828827 4766688.025966027 4766688.025966025 4766687.798063156 4766688.026737222
-5.810810810810811 4768242.889900788 4768242.889900785 4768242.662004535 4768242.890632538
-5.792792792792794 4769797.747405232 4769797.74740523 4769797.519519183 4769797.748097453
-5.774774774774776 4771352.598451296 4771352.598451294 4771352.370579087 4771352.599103916
-5.756756756756759 4772907.443010754 4772907.443010752 4772907.215156076 4772907.443623711
-5.738738738738741 4774462.281055224 4774462.281055222 4774462.05322182 4774462.281628466
-5.720720720720724 4776017.11255616 4776017.112556159 4776016.88474783 4776017.113089653
-5.702702702702706 4777571.937484864 4777571.937484862 4777571.709705461 4777571.937978577
-5.684684684684689 4779126.755812466 4779126.755812463 4779126.528065901 4779126.756266383
-5.666666666666662 4780681.567509943 4780681.56750994 4780681.339800183 4780681.567924057
-5.648648648648645 4782236.372548102 4782236.372548101 4782236.144879173 4782236.372922422
-5.630630630630627 4783791.17089759 4783791.170897589 4783790.943273578 4783791.171232132
-5.61261261261261 4785345.962528891 4785345.962528889 4785345.734953938 4785345.962823683
-5.594594594594592 4786900.74741232 4786900.747412318 4786900.519890632 4786900.747667401
-5.576576576576575 4788455.525518029 4788455.525518027 4788455.29805387 4788455.525733448
-5.558558558558557 4790010.296815999 4790010.296815999 4790010.069413698 4790010.296991816
-5.54054054054054 4791565.061276048 4791565.061276047 4791564.833939997 4791565.061412334
-5.522522522522523 4793119.818867824 4793119.818867823 4793119.591602476 4793119.818964658
-5.504504504504506 4794674.569560803 4794674.569560803 4794674.342370681 4794674.569618279
-5.486486486486489 4796229.313324294 4796229.313324293 4796229.086213985 4796229.313342513
-5.468468468468471 4797784.050127435 4797784.050127433 4797783.823101591 4797784.050106506
-5.450450450450454 4799338.779939188 4799338.779939188 4799338.553002534 4799338.779879237
-5.432432432432436 4800893.502728349 4800893.502728348 4800893.275885674 4800893.502629507
-5.414414414414419 4802448.218463536 4802448.218463534 4802447.991719701 4802448.218325946
-5.396396396396391 4804002.927113199 4804002.927113198 4804002.700473136 4804002.926937011
-5.378378378378374 4805557.628645604 4805557.628645604 4805557.402114318 4805557.628430982
-5.360360360360357 4807112.323028849 4807112.323028848 4807112.096611417 4807112.322775964
-5.34234234234234 4808667.010230855 4808667.010230854 4808666.783932429 4808667.009939888
-5.324324324324322 4810221.690219362 4810221.690219361 4810221.464045169 4810221.689890503
-5.306306306306305 4811776.36296194 4811776.362961939 4811776.136917282 4811776.362595388
-5.288288288288287 4813331.028425971 4813331.028425971 4813330.802516233 4813331.028021937
-5.27027027027027 4814885.686578667 4814885.686578667 4814885.460809308 4814885.68613737
-5.252252252252252 4816440.337387055 4816440.337387054 4816440.111763614 4816440.33690872
-5.234234234234235 4817994.980817982 4817994.980817982 4817994.755346084 4817994.980302849
-5.216216216216218 4819549.616838116 4819549.616838116 4819549.391523464 4819549.61628643
-5.198198198198201 4821104.245413944 4821104.245413944 4821104.020262326 4821104.244825957
-5.180180180180184 4822658.866511767 4822658.866511767 4822658.641529055 4822658.865887742
-5.162162162162166 4824213.480097705 4824213.480097705 4824213.255289859 4824213.479437918
-5.144144144144149 4825768.086137698 4825768.086137698 4825767.861510765 4825768.085442426
-5.126126126126121 4827322.684597496 4827322.684597496 4827322.460157612 4827322.683867029
-5.108108108108103 4828877.275442666 4828877.275442667 4828877.051196057 4828877.274677302
-5.090090090090087 4830431.858638591 4830431.858638592 4830431.634591574 4830431.857838632
-5.07207207207207 4831986.434150469 4831986.43415047 4831986.210309455 4831986.433316231
-5.054054054054052 4833541.001943308 4833541.001943309 4833540.778314801 4833541.001075109
-5.036036036036035 4835095.561981932 4835095.561981933 4835095.338572534 4835095.561080104
-5.018018018018017 4836650.114230977 4836650.114230978 4836649.891047386 4836650.113295858
-5 4838204.658654889 4838204.65865489 4838204.435703902 4838204.657686821
-4.981981981981982 4839759.195217929 4839759.19521793 4839758.972506442 4839759.194217267
-4.963963963963965 4841313.723884166 4841313.723884168 4841313.50141918 4841313.722851268
-4.945945945945947 4842868.244617481 4842868.244617481 4842868.022406095 4842868.243552713
-4.92792792792793 4844422.757381563 4844422.757381565 4844422.535430987 4844422.756285301
-4.909909909909913 4845977.262139915 4845977.262139917 4845977.040457462 4845977.261012541
-4.891891891891896 4847531.758855848 4847531.758855849 4847531.537448939 4847531.757697748
-4.873873873873879 4849086.247492476 4849086.247492478 4849086.026368644 4849086.246304049
-4.855855855855851 4850640.728012732 4850640.728012733 4850640.50717962 4850640.726794377
-4.837837837837833 4852195.20037935 4852195.200379351 4852194.979844713 4852195.199131477
-4.819819819819816 4853749.664554874 4853749.664554874 4853749.444326581 4853749.663277898
-4.801801801801798 4855304.120501654 4855304.120501656 4855303.900587698 4855304.119195998
-4.783783783783782 4856858.568181854 4856858.568181856 4856858.348590336 4856858.566847944
-4.765765765765765 4858413.007557436 4858413.007557438 4858412.788296586 4858413.006195707
-4.747747747747747 4859967.438590178 4859967.438590179 4859967.219668342 4859967.437201071
-4.72972972972973 4861521.861241657 4861521.86124166 4861521.642667311 4861521.859825619
-4.711711711711712 4863076.275473265 4863076.275473267 4863076.057255005 4863076.274030746
-4.693693693693695 4864630.681246194 4864630.681246195 4864630.463392748 4864630.679777654
-4.675675675675677 4866185.078521446 4866185.078521446 4866184.861041668 4866185.077027348
-4.65765765765766 4867739.467259829 4867739.467259831 4867739.25016271 4867739.465740643
-4.639639639639642 4869293.84742196 4869293.847421961 4869293.63071662 4869293.84587816
-4.621621621621625 4870848.218968256 4870848.218968259 4870848.002663956 4870848.217400324
-4.603603603603598 4872402.581858952 4872402.581858953 4872402.365965082 4872402.580267368
-4.585585585585581 4873956.936054076 4873956.936054078 4873956.720580177 4873956.934439335
-4.567567567567563 4875511.281513475 4875511.281513477 4875511.066469225 4875511.27987607
-4.549549549549546 4877065.618196798 4877065.618196798 4877065.40359202 4877065.616537229
-4.531531531531528 4878619.946063501 4878619.946063504 4878619.731908167 4878619.944382275
-4.513513513513511 4880174.265072851 4880174.265072851 4880174.051377076 4880174.263370474
-4.495495495495494 4881728.575183919 4881728.575183921 4881728.361957976 4881728.573460906
-4.477477477477477 4883282.876355589 4883282.876355591 4883282.663609901 4883282.874612458
-4.45945945945946 4884837.16854655 4884837.168546551 4884836.956291698 4884837.166783822
-4.441441441441442 4886391.451715302 4886391.451715303 4886391.239962026 4886391.449933505
-4.423423423423425 4887945.725820155 4887945.725820156 4887945.514579353 4887945.724019819
-4.405405405405407 4889499.990819229 4889499.990819231 4889499.780101967 4889499.989000888
-4.38738738738739 4891054.246670456 4891054.246670456 4891054.03648796 4891054.244834645
-4.369369369369372 4892608.493331578 4892608.493331578 4892608.283695249 4892608.491478842
-4.351351351351355 4894162.73076015 4894162.730760151 4894162.521681557 4894162.728891033
-4.333333333333328 4895716.958913543 4895716.958913545 4895716.750404431 4895716.957028595
-4.315315315315321 4897271.177748936 4897271.177748938 4897270.969821226 4897271.175848708
-4.297297297297293 4898825.387223331 4898825.387223331 4898825.179889119 4898825.385308376
-4.279279279279276 4900379.587293537 4900379.587293537 4900379.380565107 4900379.585364413
-4.261261261261258 4901933.777916187 4901933.777916186 4901933.571806007 4901933.775973457
-4.243243243243241 4903487.959047729 4903487.959047729 4903487.753568455 4903487.957091957
-4.225225225225223 4905042.130644429 4905042.13064443 4905041.925808907 4905042.128676183
-4.207207207207206 4906596.292662378 4906596.292662379 4906596.088483647 4906596.290682224
-4.189189189189189 4908150.445057483 4908150.445057483 4908150.241548782 4908150.443065994
-4.171171171171172 4909704.587785479 4909704.58778548 4909704.384960244 4909704.585783231
-4.153153153153155 4911258.720801921 4911258.720801922 4911258.518673795 4911258.71878949
-4.135135135135137 4912812.844062193 4912812.844062194 4912812.642645022 4912812.842040155
-4.11711711711712 4914366.957521507 4914366.957521508 4914366.756829346 4914366.955490445
-4.099099099099102 4915921.061134903 4915921.061134904 4915920.861182025 4915921.059095401
-4.081081081081085 4917475.154857252 4917475.154857252 4917474.955658141 4917475.152809893
-4.063063063063067 4919029.238643258 4919029.238643261 4919029.040212622 4919029.236588631
-4.04504504504505 4920583.312447462 4920583.312447463 4920583.114800226 4920583.310386153
-4.027027027027023 4922137.37622424 4922137.376224241 4922137.179375561 4922137.374156838
-4.009009009009006 4923691.429927807 4923691.429927807 4923691.23389307 4923691.427854904
-3.990990990990988 4925245.473512218 4925245.47351222 4925245.278307046 4925245.471434408
-3.972972972972971 4926799.506931377 4926799.506931379 4926799.312571622 4926799.504849252
-3.954954954954953 4928353.530139026 4928353.530139028 4928353.336640789 4928353.528053184
-3.936936936936936 4929907.543088765 4929907.543088765 4929907.350468387 4929907.540999798
-3.918918918918919 4931461.545734037 4931461.545734038 4931461.35400811 4931461.543642546
-3.900900900900901 4933015.538028143 4933015.538028144 4933015.347213513 4933015.535934726
-3.882882882882884 4934569.519924241 4934569.519924242 4934569.330038007 4934569.517829497
-3.864864864864867 4936123.491375347 4936123.491375349 4936123.302434873 4936123.489279876
-3.846846846846849 4937677.452334342 4937677.452334343 4937677.264357254 4937677.450238745
-3.828828828828832 4939231.402753972 4939231.402753972 4939231.215758164 4939231.400658849
-3.810810810810815 4940785.342586851 4940785.342586852 4940785.156590492 4940785.340492805
-3.792792792792797 4942339.271785469 4942339.27178547 4942339.086807007 4942339.269693103
-3.77477477477478 4943893.190302191 4943893.190302192 4943893.006360354 4943893.188212107
-3.756756756756753 4945447.098089263 4945447.098089267 4945446.915203065 4945447.096002067
-3.738738738738735 4947000.995098813 4947000.995098815 4947000.813287556 4947000.993015104
-3.720720720720718 4948554.881282859 4948554.881282861 4948554.700566144 4948554.879203242
-3.7027027027027 4950108.756593311 4950108.756593314 4950108.576991037 4950108.754518391
-3.684684684684683 4951662.620981975 4951662.620981979 4951662.44251435 4951662.618912356
-3.666666666666666 4953216.47440056 4953216.474400563 4953216.297088092 4953216.472336844
-3.648648648648649 4954770.316800679 4954770.316800681 4954770.140664197 4954770.314743469
-3.630630630630631 4956324.148133853 4956324.148133856 4956323.973194504 4956324.146083754
-3.612612612612614 4957877.968351524 4957877.968351526 4957877.794630777 4957877.966309139
-3.594594594594597 4959431.77740505 4959431.777405052 4959431.604924703 4959431.775370982
-3.576576576576579 4960985.575245714 4960985.575245716 4960985.404027902 4960985.573220568
-3.558558558558562 4962539.361824733 4962539.361824736 4962539.191891929 4962539.359809112
-3.540540540540544 4964093.137093262 4964093.137093264 4964092.968468281 4964093.135087766
-3.522522522522527 4965646.901002393 4965646.901002395 4965646.7337084 4965646.899007627
-3.50450450450451 4967200.65350317 4967200.653503171 4967200.487563688 4967200.651519733
-3.486486486486482 4968754.394546594 4968754.394546594 4968754.229985504 4968754.392575087
-3.468468468468465 4970308.124083619 4970308.12408362 4970307.960925172 4970308.122124646
-3.450450450450448 4971861.842065175 4971861.842065176 4971861.680333992 4971861.840119333
-3.43243243243243 4973415.54844216 4973415.548442161 4973415.388163236 4973415.546510049
-3.414414414414413 4974969.243165459 4974969.24316546 4974969.084364177 4974969.241247679
-3.396396396396395 4976522.926185939 4976522.92618594 4976522.76888807 4976522.924283088
-3.378378378378378 4978076.597454468 4978076.597454469 4978076.441686178 4978076.595567143
-3.360360360360361 4979630.256921914 4979630.256921915 4979630.10270977 4979630.255050715
-3.342342342342344 4981183.904539158 4981183.904539159 4981183.751910133 4981183.902684678
-3.324324324324326 4982737.5402571 4982737.5402571 4982737.389238583 4982737.538419935
-3.306306306306309 4984291.164026665 4984291.164026666 4984291.014646468 4984291.162207413
-3.288288288288292 4985844.775798818 4985844.775798818 4985844.628085172 4985844.773998071
-3.270270270270274 4987398.375524567 4987398.375524567 4987398.229506139 4987398.37374292
-3.252252252252257 4988951.963154973 4988951.963154973 4988951.818860869 4988951.961393017
-3.234234234234239 4990505.538641159 4990505.538641161 4990505.396100934 4990505.536899489
-3.216216216216212 4992059.101934329 4992059.10193433 4992058.961177982 4992059.100213533
-3.198198198198195 4993612.652985753 4993612.652985755 4993612.514043754 4993612.651286425
-3.180180180180177 4995166.19174681 4995166.19174681 4995166.054650086 4995166.190069535
-3.16216216216216 4996719.718168973 4996719.718168975 4996719.582948929 4996719.716514342
-3.144144144144143 4998273.232203832 4998273.232203834 4998273.09889235 4998273.230572431
-3.126126126126125 4999826.733803098 4999826.7338031 4999826.602432549 4999826.732195517
-3.108108108108108 5001380.22291862 5001380.222918622 5001380.093521869 5001380.221335443
-3.090090090090091 5002933.699502395 5002933.699502395 5002933.572112808 5002933.697944205
-3.072072072072073 5004487.163506573 5004487.163506574 5004487.038158029 5004487.161973959
-3.054054054054056 5006040.614883483 5006040.614883485 5006040.491610375 5006040.613377026
-3.036036036036039 5007594.053585632 5007594.053585634 5007593.932422877 5007594.052105915
-3.018018018018021 5009147.479565724 5009147.479565725 5009147.360548768 5009147.478113326
-3.000000000000004 5010700.892776672 5010700.892776674 5010700.775941504 5010700.891352175
-2.981981981981987 5012254.293171613 5012254.293171615 5012254.178554769 5012254.291775595
-2.963963963963969 5013807.680703917 5013807.680703919 5013807.568342485 5013807.679336957
-2.945945945945942 5015361.055327209 5015361.05532721 5015360.945258844 5015361.053989883
-2.927927927927924 5016914.416995369 5016914.41699537 5016914.309258296 5016914.415688253
-2.909909909909907 5018467.765662568 5018467.76566257 5018467.660295589 5018467.764386239
-2.89189189189189 5020021.101283263 5020021.101283264 5020020.998325766 5020021.100038289
-2.873873873873872 5021574.423812225 5021574.423812227 5021574.3233042 5021574.422599182
-2.855855855855855 5023127.733204546 5023127.733204547 5023127.635186581 5023127.732024002
-2.837837837837838 5024681.029415665 5024681.029415668 5024680.933928963 5024681.02826819
-2.81981981981982 5026234.312401377 5026234.31240138 5026234.219487757 5026234.311287537
-2.801801801801803 5027787.582117849 5027787.582117852 5027787.491819765 5027787.581038208
-2.783783783783786 5029340.838521645 5029340.838521646 5029340.750882183 5029340.837476766
-2.765765765765768 5030894.081569735 5030894.081569738 5030893.996632634 5030894.080560181
-2.747747747747751 5032447.31121952 5032447.311219523 5032447.229029169 5032447.310245849
-2.729729729729734 5034000.527428847 5034000.52742885 5034000.4480303 5034000.526491617
-2.711711711711716 5035553.730156027 5035553.730156031 5035553.653595013 5035553.729255794
-2.693693693693689 5037106.919359858 5037106.919359861 5037106.845682781 5037106.918497171
-2.675675675675671 5038660.094999638 5038660.094999641 5038660.024253598 5038660.094175046
-2.657657657657654 5040213.257035195 5040213.257035198 5040213.18926799 5040213.256249247
-2.639639639639637 5041766.4054269 5041766.405426903 5041766.340687037 5041766.404680137
-2.621621621621619 5043319.540135687 5043319.54013569 5043319.478472387 5043319.539428649
-2.603603603603602 5044872.661123079 5044872.661123082 5044872.602586295 5044872.660456302
-2.585585585585585 5046425.768351212 5046425.768351215 5046425.712991627 5046425.767725227
-2.567567567567568 5047978.861782848 5047978.86178285 5047978.809651894 5047978.861198184
-2.54954954954955 5049531.941381403 5049531.941381407 5049531.892531266 5049531.940838583
-2.531531531531533 5051085.007110976 5051085.007110979 5051084.961594599 5051085.006610518
-2.513513513513515 5052638.058936357 5052638.05893636 5052638.016807466 5052638.058478775
-2.495495495495498 5054191.096823071 5054191.096823074 5054191.058136163 5054191.096408872
-2.477477477477481 5055744.120737382 5055744.120737386 5055744.085547751 5055744.120367068
-2.459459459459463 5057297.130646337 5057297.13064634 5057297.099010075 5057297.130320404
-2.441441441441446 5058850.126517775 5058850.126517779 5058850.098491783 5058850.126236712
-2.423423423423419 5060403.108320363 5060403.108320367 5060403.083962361 5060403.108084649
-2.405405405405401 5061956.076023618 5061956.076023621 5061956.055392154 5061956.075833728
-2.387387387387384 5063509.029597934 5063509.029597939 5063509.012752394 5063509.029454337
-2.369369369369366 5065061.969014614 5065061.969014618 5065061.956015227 5065061.968917762
-2.351351351351349 5066614.894245888 5066614.894245891 5066614.885153739 5066614.894196228
-2.333333333333332 5068167.805264949 5068167.805264953 5068167.800141989 5068167.80526292
-2.315315315315314 5069720.702045978 5069720.702045981 5069720.700955029 5069720.702092007
-2.297297297297297 5071273.584564174 5071273.584564177 5071273.58756894 5071273.584658677
-2.27927927927928 5072826.452795782 5072826.452795785 5072826.459960859 5072826.452939163
-2.261261261261263 5074379.306718126 5074379.306718128 5074379.318109009 5074379.306910773
-2.243243243243245 5075932.146309632 5075932.146309633 5075932.161992723 5075932.146551924
-2.225225225225228 5077484.971549869 5077484.971549871 5077484.991592491 5077484.971842172
-2.20720720720721 5079037.782419571 5079037.782419574 5079037.806889969 5079037.782762235
-2.189189189189193 5080590.578900672 5080590.578900676 5080590.607868024 5080590.579294029
-2.171171171171166 5082143.36097634 5082143.360976343 5082143.39451077 5082143.361420705
-2.153153153153148 5083696.128631006 5083696.128631008 5083696.166803582 5083696.129126677
-2.135135135135131 5085248.881850393 5085248.881850395 5085248.924733147 5085248.882397655
-2.117117117117114 5086801.620621561 5086801.620621566 5086801.66828749 5086801.621220675
-2.099099099099096 5088354.344932929 5088354.344932931 5088354.397455998 5088354.345584134
-2.081081081081079 5089907.054774311 5089907.054774315 5089907.112229476 5089907.055477832
-2.063063063063062 5091459.75013696 5091459.750136962 5091459.812600152 5091459.750892988
-2.045045045045044 5093012.431013584 5093012.431013587 5093012.49856174 5093012.4318223
-2.027027027027027 5094565.097398399 5094565.097398403 5094565.170109454 5094565.098259952
-2.00900900900901 5096117.749287155 5096117.749287158 5096117.827240049 5096117.750201668
-1.990990990990992 5097670.386677167 5097670.38667717 5097670.469951862 5097670.387644741
-1.972972972972975 5099223.009567367 5099223.009567368 5099223.098244837 5099223.01058807
-1.954954954954958 5100775.61795832 5100775.617958321 5100775.712120576 5100775.619032197
-1.93693693693694 5102328.211852278 5102328.211852279 5102328.311582355 5102328.212979339
-1.918918918918923 5103880.791253201 5103880.791253204 5103880.896635175 5103880.79243343
-1.900900900900895 5105433.356166809 5105433.356166811 5105433.467285795 5105433.357400152
-1.882882882882878 5106985.906600605 5106985.906600606 5106986.023542768 5106985.907886977
-1.864864864864861 5108538.44256392 5108538.442563922 5108538.565416475 5108538.443903205
-1.846846846846843 5110090.964067952 5110090.964067954 5110091.092919166 5110090.965459992
-1.828828828828826 5111643.471125797 5111643.4711258 5111643.606064999 5111643.472570401
-1.810810810810809 5113195.96375249 5113195.963752493 5113196.104870065 5113195.965249428
-1.792792792792791 5114748.441965045 5114748.441965047 5114748.589352443 5114748.443514044
-1.774774774774774 5116300.905782486 5116300.905782489 5116301.059532223 5116300.907383238
-1.756756756756757 5117853.355225893 5117853.355225896 5117853.515431554 5117853.356878047
-1.738738738738739 5119405.790318434 5119405.790318437 5119405.957074668 5119405.792021592
-1.720720720720722 5120958.211085402 5120958.211085405 5120958.384487933 5120958.212839128
-1.702702702702705 5122510.617554261 5122510.617554264 5122510.797699875 5122510.619358067
-1.684684684684687 5124063.009754673 5124063.009754676 5124063.196741228 5124063.01160803
-1.66666666666667 5125615.387718539 5125615.387718543 5125615.581644963 5125615.389620869
-1.648648648648653 5127167.751480044 5127167.751480047 5127167.952446326 5127167.75343072
-1.630630630630635 5128720.101075682 5128720.101075686 5128720.30918288 5128720.103074032
-1.612612612612608 5130272.436544303 5130272.436544308 5130272.651894538 5130272.438589601
-1.594594594594591 5131824.75792714 5131824.757927145 5131824.980623586 5131824.760018609
-1.576576576576573 5133377.065267857 5133377.065267863 5133377.295414744 5133377.067404671
-1.558558558558556 5134929.358612576 5134929.35861258 5134929.596315182 5134929.360793849
-1.540540540540538 5136481.638009913 5136481.638009918 5136481.883374564 5136481.640234717
-1.522522522522521 5138033.903511019 5138033.903511024 5138034.156645079 5138033.905778365
-1.504504504504504 5139586.155169612 5139586.155169618 5139586.416181476 5139586.15747846
-1.486486486486486 5141138.393042008 5141138.393042014 5141138.662041095 5141138.395391262
-1.468468468468469 5142690.617187162 5142690.617187166 5142690.894283907 5142690.619575669
-1.450450450450452 5144242.827666691 5144242.827666696 5144243.112972537 5144242.830093248
-1.432432432432434 5145795.024544915 5145795.02454492 5145795.318172302 5145795.027008259
-1.414414414414417 5147347.207888887 5147347.207888891 5147347.509951244 5147347.2103877
-1.3963963963964 5148899.377768421 5148899.377768425 5148899.68838015 5148899.380301333
-1.378378378378382 5150451.534256125 5150451.53425613 5150451.853532595 5150451.536821709
-1.360360360360365 5152003.677427429 5152003.677427433 5152004.005484954 5152003.680024199
-1.342342342342338 5153555.807360616 5153555.807360619 5153556.144316451 5153555.809987035
-1.32432432432432 5155107.924136843 5155107.924136847 5155108.270109165 5155107.926791321
-1.306306306306303 5156660.027840175 5156660.027840179 5156660.382948067 5156660.030521068
-1.288288288288286 5158212.118557611 5158212.118557614 5158212.482921045 5158212.121263218
-1.270270270270268 5159764.196379098 5159764.196379104 5159764.570118922 5159764.199107672
-1.252252252252251 5161316.261397567 5161316.261397573 5161316.644635479 5161316.264147305
-1.234234234234233 5162868.313708945 5162868.313708951 5162868.706567479 5162868.316477994
-1.216216216216216 5164420.353412183 5164420.353412189 5164420.756014687 5164420.356198646
-1.198198198198199 5165972.380609271 5165972.380609278 5165972.793079889 5165972.383411201
-1.180180180180181 5167524.39540526 5167524.395405264 5167524.817868902 5167524.398220657
-1.162162162162164 5169076.397908268 5169076.397908274 5169076.830490602 5169076.400735101
-1.144144144144147 5170628.388229514 5170628.388229521 5170628.831056924 5170628.3910657
-1.12612612612613 5172180.366483312 5172180.36648332 5172180.819682886 5172180.369326729
-1.108108108108112 5173732.332787098 5173732.332787105 5173732.796486591 5173732.335635583
-1.090090090090095 5175284.287261429 5175284.287261436 5175284.76158925 5175284.290112787
-1.072072072072067 5176836.230030002 5176836.230030009 5176836.715115173 5176836.232882001
-1.05405405405405 5178388.161219649 5178388.161219655 5178388.657191782 5178388.164070025
-1.036036036036033 5179940.080960355 5179940.080960361 5179940.587949627 5179940.083806814
-1.018018018018015 5181491.989385251 5181491.989385257 5181492.507522361 5181491.992225471
-0.9999999999999979 5183043.886630622 5183043.886630627 5183044.416046767 5183043.889462256
-0.9819819819819806 5184595.772835903 5184595.772835908 5184596.313662748 5184595.775656583
-0.9639639639639632 5186147.648143677 5186147.648143684 5186148.200513314 5186147.650951017
-0.9459459459459459 5187699.512699672 5187699.512699678 5187700.076744587 5187699.515491266
-0.9279279279279286 5189251.366652751 5189251.366652756 5189251.942505793 5189251.369426183
-0.9099099099099113 5190803.210154907 5190803.210154914 5190803.797949249 5190803.212907751
-0.8918918918918939 5192355.043361252 5192355.043361259 5192355.64323035 5192355.046091073
-0.8738738738738765 5193906.866429999 5193906.866430007 5193907.478507558 5193906.869134359
-0.8558558558558592 5195458.679522453 5195458.679522458 5195459.303942382 5195458.682198909
-0.8378378378378418 5197010.48280299 5197010.482802996 5197011.119699372 5197010.485449108
-0.8198198198198245 5198562.276439034 5198562.276439042 5198562.925946077 5198562.279052385
-0.8018018018017971 5200114.060601048 5200114.060601055 5200114.722853043 5200114.063179208
-0.7837837837837797 5201665.835462491 5201665.835462497 5201666.510593773 5201665.838003051
-0.7657657657657624 5203217.601199804 5203217.601199809 5203218.289344708 5203217.603700371
-0.747747747747745 5204769.357992378 5204769.357992386 5204770.059285194 5204769.360450582
-0.7297297297297277 5206321.106022522 5206321.106022527 5206321.820597447 5206321.108436006
-0.7117117117117103 5207872.845475425 5207872.845475432 5207873.573466526 5207872.847841869
-0.6936936936936929 5209424.576539129 5209424.576539136 5209425.318080287 5209424.578856235
-0.6756756756756757 5210976.299404483 5210976.299404489 5210977.054629351 5210976.301669989
-0.6576576576576583 5212528.014265101 5212528.014265105 5212528.783307057 5212528.016476779
-0.639639639639641 5214079.721317326 5214079.721317331 5214080.504309423 5214079.723472991
-0.6216216216216236 5215631.420760172 5215631.420760178 5215632.217835092 5215631.422857678
-0.6036036036036063 5217183.112795291 5217183.112795297 5217183.924085292 5217183.114832541
-0.5855855855855889 5218734.797626911 5218734.797626915 5218735.62326378 5218734.799601852
-0.5675675675675715 5220286.475461784 5220286.475461789 5220287.315576787 5220286.477372419
-0.5495495495495543 5221838.146509135 5221838.146509141 5221839.001232967 5221838.14835352
-0.5315315315315268 5223389.810980604 5223389.810980609 5223390.680443336 5223389.812756852
-0.5135135135135094 5224941.469090179 5224941.469090184 5224942.35342121 5224941.470796466
-0.4954954954954921 5226493.121054145 5226493.121054151 5226494.02038215 5226493.122688706
-0.4774774774774748 5228044.767091008 5228044.767091013 5228045.681543883 5228044.768652145
-0.4594594594594574 5229596.407421439 5229596.407421445 5229597.337126256 5229596.408907523
-0.44144144144144 5231148.042268197 5231148.042268205 5231148.987351147 5231148.043677671
-0.4234234234234227 5232699.671856066 5232699.671856074 5232700.632442407 5232699.673187439
-0.4054054054054054 5234251.296411772 5234251.296411779 5234252.272625783 5234251.297663634
-0.387387387387388 5235802.916163919 5235802.916163924 5235803.90812884 5235802.917334933
-0.3693693693693707 5237354.531342903 5237354.531342909 5237355.539180895 5237354.532431817
-0.3513513513513534 5238906.142180843 5238906.142180851 5238907.166012925 5238906.143186478
-0.333333333333336 5240457.748911493 5240457.748911502 5240458.788857493 5240457.749832754
-0.3153153153153187 5242009.351770165 5242009.351770173 5242010.407948673 5242009.352606041
-0.2972972972973014 5243560.950993642 5243560.95099365 5243562.023521957 5243560.951743206
-0.279279279279284 5245112.546820092 5245112.5468201 5245113.635814173 5245112.547482505
-0.2612612612612565 5246664.139488989 5246664.139488997 5246665.245063404 5246664.140063495
-0.2432432432432392 5248215.729241015 5248215.729241021 5248216.851508888 5248215.72972695
-0.2252252252252218 5249767.316317978 5249767.316317985 5249768.45539095 5249767.316714766
-0.2072072072072045 5251318.90096272 5251318.900962726 5251320.05695089 5251318.901269875
-0.1891891891891871 5252870.483419023 5252870.48341903 5252871.656430905 5252870.483636146
-0.1711711711711698 5254422.063931521 5254422.063931528 5254423.254073995 5254422.064058308
-0.1531531531531525 5255973.642745599 5255973.642745608 5255974.850123866 5255973.642781833
-0.1351351351351351 5257525.220107308 5257525.220107316 5257526.444824844 5257525.220052863
-0.1171171171171178 5259076.796263264 5259076.796263271 5259078.038421772 5259076.796118106
-0.09909909909910045 5260628.371460552 5260628.37146056 5260629.631159929 5260628.371224738
-0.08108108108108311 5262179.945946635 5262179.945946642 5262181.223284913 5262179.945620314
-0.06306306306306576 5263731.519969253 5263731.519969259 5263732.815042567 5263731.51955266
-0.04504504504504842 5265283.093776327 5265283.093776334 5265284.406678873 5265283.093269791
-0.02702702702703108 5266834.667615862 5266834.667615869 5266835.998439855 5266834.6670198
-0.00900900900901374 5268386.241735851 5268386.241735859 5268387.590571485 5268386.241050767
0.00900900900901374 5269937.81638418 5269937.816384187 5269939.183319592 5269937.815610665
0.02702702702703108 5271489.391808522 5271489.391808528 5271490.776929754 5271489.390947253
0.04504504504504842 5273040.968256251 5273040.968256258 5273042.371647218 5273040.967307993
0.06306306306306576 5274592.545974339 5274592.545974347 5274593.967716791 5274592.544939942
0.08108108108108311 5276144.125209265 5276144.125209272 5276145.565382753 5276144.124089658
0.09909909909910045 5277695.706206913 5277695.706206921 5277697.164888764 5277695.705003111
0.1171171171171178 5279247.289212483 5279247.28921249 5279248.76647776 5279247.287925576
0.1351351351351351 5280798.874470395 5280798.874470402 5280800.370391876 5280798.873101557
0.1531531531531525 5282350.462224191 5282350.462224199 5282351.976872342 5282350.46077467
0.1711711711711698 5283902.052716453 5283902.052716459 5283903.586159393 5283902.051187572
0.1891891891891871 5285453.646188704 5285453.646188712 5285455.198492188 5285453.64458186
0.2072072072072045 5287005.24288132 5287005.242881327 5287006.814108714 5287005.241197982
0.2252252252252218 5288556.843033439 5288556.843033446 5288558.433245698 5288556.841275144
0.2432432432432392 5290108.446882877 5290108.446882884 5290110.056138524 5290108.44505123
0.2612612612612565 5291660.054666043 5291660.054666049 5291661.68302115 5291660.052762716
0.279279279279284 5293211.666617846 5293211.666617854 5293213.314126023 5293211.664644575
0.2972972972973014 5294763.282971621 5294763.282971629 5294764.949683989 5294763.280930198
0.3153153153153187 5296314.903959043 5296314.90395905 5296316.58992423 5296314.901851321
0.333333333333336 5297866.529810051 5297866.529810056 5297868.235074174 5297866.527637938
0.3513513513513534 5299418.16075276 5299418.160752766 5299419.885359419 5299418.158518222
0.3693693693693707 5300969.7970134 5300969.797013405 5300971.541003662 5300969.79471845
0.387387387387388 5302521.43881623 5302521.438816237 5302523.202228627 5302521.436462933
0.4054054054054054 5304073.086383471 5304073.086383477 5304074.869253987 5304073.083973935
0.4234234234234227 5305624.739935232 5305624.739935239 5305626.542297307 5305624.737471613
0.44144144144144 5307176.399689449 5307176.399689456 5307178.221573969 5307176.39717394
0.4594594594594574 5308728.065861808 5308728.065861815 5308729.907297106 5308728.063296647
0.4774774774774748 5310279.738665693 5310279.738665699 5310281.599677546 5310279.736053145
0.4954954954954921 5311831.418312114 5311831.41831212 5311833.298923749 5311831.415654487
0.5135135135135094 5313383.105009658 5313383.105009664 5313385.005241754 5313383.102309284
0.5315315315315268 5314934.798964422 5314934.798964428 5314936.718835108 5314934.796223665
0.5495495495495543 5316486.500379967 5316486.50037997 5316488.439904834 5316486.497601211
0.5675675675675715 5318038.209457252 5318038.209457261 5318040.168649362 5318038.206642915
0.5855855855855889 5319589.926394606 5319589.926394613 5319591.905264491 5319589.923547114
0.6036036036036063 5321141.65138766 5321141.651387665 5321143.64994334 5321141.648509461
0.6216216216216236 5322693.384629307 5322693.384629315 5322695.402876301 5322693.381722869
0.639639639639641 5324245.126309669 5324245.126309672 5324247.164251 5324245.123377461
0.6576576576576583 5325796.876616041 5325796.876616048 5325798.934252263 5325796.873660554
0.6756756756756757 5327348.635732867 5327348.635732873 5327350.713062066 5327348.63275659
0.6936936936936929 5328900.403841694 5328900.403841699 5328902.500859512 5328900.400847125
0.7117117117117103 5330452.181121143 5330452.181121149 5330454.297820796 5330452.178110781
0.7297297297297277 5332003.96774688 5332003.967746885 5332006.104119173 5332003.964723222
0.747747747747745 5333555.763891583 5333555.76389159 5333557.919924934 5333555.760857125
0.7657657657657624 5335107.56972492 5335107.569724929 5335109.745405377 5335107.566682152
0.7837837837837797 5336659.385413523 5336659.38541353 5336661.580724786 5336659.382364924
0.8018018018017971 5338211.211120964 5338211.211120971 5338213.426044411 5338211.208069005
0.8198198198198245 5339763.047007743 5339763.04700775 5339765.28152245 5339763.043954883
0.8378378378378418 5341314.893231262 5341314.893231269 5341317.147314035 5341314.890179946
0.8558558558558592 5342866.749945818 5342866.749945825 5342869.023571211 5342866.74689847
0.8738738738738765 5344418.617302586 5344418.617302593 5344420.910442931 5344418.614261613
0.8918918918918939 5345970.495449611 5345970.495449617 5345972.808075042 5345970.492417396
0.9099099099099113 5347522.384531798 5347522.384531804 5347524.71661029 5347522.381510705
0.9279279279279286 5349074.284690906 5349074.284690914 5349076.63618829 5349074.28168327
0.9459459459459459 5350626.196065549 5350626.196065555 5350628.566945547 5350626.193073676
0.9639639639639632 5352178.118791184 5352178.118791191 5352180.509015446 5352178.115817354
0.9819819819819806 5353730.05300012 5353730.053000126 5353732.462528246 5353730.050046579
0.9999999999999979 5355281.998821515 5355281.998821521 5355284.427611092 5355281.995890477
1.018018018018015 5356833.956381383 5356833.956381391 5356836.404388015 5356833.953475026
1.036036036036033 5358385.925802598 5358385.925802605 5358388.392979936 5358385.922923065
1.05405405405405 5359937.907204898 5359937.907204906 5359940.393504679 5359937.904354293
1.072072072072067 5361489.900704904 5361489.90070491 5361492.406076976 5361489.897885285
1.090090090090095 5363041.906416117 5363041.906416125 5363044.430808487 5363041.903629512
1.108108108108112 5364593.924448941 5364593.924448946 5364596.467807795 5364593.921697327
1.12612612612613 5366145.954910693 5366145.954910699 5366148.517180438 5366145.952196005
1.144144144144147 5367697.997905622 5367697.997905629 5367700.579028918 5367697.995229752
1.162162162162164 5369250.053534919 5369250.053534925 5369252.653452718 5369250.050899707
1.180180180180181 5370802.121896741 5370802.121896748 5370804.740548318 5370802.119303986
1.198198198198199 5372354.203086232 5372354.203086238 5372356.840409221 5372354.200537679
1.216216216216216 5373906.297195537 5373906.297195544 5373908.953125971 5373906.294692882
1.234234234234233 5375458.404313831 5375458.404313838 5375461.078786174 5375458.401858725
1.252252252252251 5377010.524527341 5377010.524527348 5377013.217474525 5377010.522121376
1.270270270270268 5378562.657919369 5378562.657919375 5378565.369272828 5378562.655564087
1.288288288288286 5380114.80457032 5380114.804570328 5380117.53426003 5380114.802267212
1.306306306306303 5381666.964557724 5381666.964557732 5381669.712512234 5381666.962308224
1.32432432432432 5383219.137956271 5383219.137956278 5383221.904102749 5383219.135761764
1.342342342342338 5384771.324837835 5384771.324837842 5384774.109102088 5384771.322699645
1.360360360360365 5386323.525271506 5386323.525271513 5386326.327578029 5386323.523190904
1.378378378378382 5387875.739323614 5387875.739323622 5387878.559595621 5387875.737301818
1.3963963963964 5389427.967057772 5389427.967057779 5389430.805217231 5389427.965095939
1.414414414414417 5390980.208534897 5390980.208534904 5390983.064502566 5390980.20663413
1.432432432432434 5392532.463813249 5392532.463813255 5392535.337508713 5392532.461974596
1.450450450450452 5394084.732948461 5394084.732948467 5394087.624290164 5394084.731172912
1.468468468468469 5395637.015993574 5395637.015993581 5395639.924898856 5395637.014282063
1.486486486486486 5397189.312999072 5397189.312999079 5397192.239384205 5397189.311352475
1.504504504504504 5398741.624012917 5398741.624012926 5398744.567793135 5398741.622432055
1.522522522522521 5400293.949080584 5400293.949080592 5400296.910170118 5400293.94756622
1.540540540540538 5401846.288245095 5401846.288245102 5401849.266557209 5401846.286797934
1.558558558558556 5403398.641547058 5403398.641547064 5403401.636994083 5403398.64016775
1.576576576576573 5404951.009024699 5404951.009024705 5404954.021518063 5404951.007713839
1.594594594594591 5406503.390713908 5406503.390713915 5406506.420164173 5406503.389472035
1.612612612612618 5408055.786648264 5408055.786648271 5408058.832965152 5408055.785475861
1.630630630630635 5409608.19685908 5409608.196859089 5409611.259951513 5409608.195756577
1.648648648648653 5411160.621375441 5411160.621375447 5411163.701151563 5411160.620343208
1.66666666666667 5412713.060224235 5412713.060224242 5412716.156591452 5412713.05926259
1.684684684684687 5414265.513430197 5414265.513430203 5414268.626295205 5414265.51253941
1.702702702702705 5415817.981015946 5415817.981015951 5415821.110284757 5415817.980196224
1.720720720720722 5417370.463002016 5417370.463002021 5417373.60858 5417370.462253522
1.738738738738739 5418922.959406905 5418922.95940691 5418926.121198802 5418922.958729746
1.756756756756757 5420475.470247102 5420475.470247108 5420478.648157068 5420475.469641333
1.774774774774774 5422027.995537131 5422027.995537137 5422031.189468757 5422027.995002759
1.792792792792791 5423580.535289589 5423580.535289594 5423583.74514593 5423580.534826567
1.810810810810809 5425133.089515179 5425133.089515185 5425136.315198787 5425133.089123417
1.828828828828826 5426685.658222751 5426685.658222755 5426688.899635695 5426685.657902105
1.846846846846843 5428238.241419337 5428238.241419343 5428241.49846324 5428238.24116962
1.864864864864861 5429790.839110193 5429790.839110199 5429794.111686244 5429790.838931168
1.882882882882888 5431343.451298827 5431343.451298834 5431346.739307822 5431343.451190214
1.900900900900895 5432896.077987046 5432896.077987053 5432899.381329403 5432896.077948517
1.918918918918923 5434448.719174986 5434448.719174991 5434452.037750776 5434448.719206171
1.93693693693694 5436001.374861145 5436001.374861152 5436004.708570115 5436001.374961632
1.954954954954958 5437554.045042432 5437554.045042438 5437557.393784027 5437554.045211762
1.972972972972975 5439106.729714188 5439106.729714194 5439110.093387575 5439106.729951866
1.990990990990992 5440659.428870231 5440659.428870238 5440662.807374327 5440659.429175721
2.00900900900901 5442212.142502886 5442212.142502892 5442215.535736371 5442212.142875611
2.027027027027027 5443764.870603022 5443764.870603029 5443768.278464373 5443764.871042367
2.045045045045044 5445317.613160088 5445317.613160093 5445321.03554759 5445317.6136654
2.063063063063062 5446870.370162141 5446870.370162147 5446873.806973918 5446870.370732735
2.081081081081079 5448423.141595887 5448423.141595894 5448426.592729916 5448423.142231039
2.099099099099096 5449975.927446709 5449975.927446716 5449979.392800841 5449975.928145661
2.117117117117114 5451528.727698705 5451528.727698712 5451532.207170684 5451528.728460667
2.135135135135131 5453081.542334714 5453081.542334722 5453085.035822203 5453081.543158866
2.153153153153158 5454634.371336355 5454634.371336362 5454637.878736946 5454634.372221839
2.171171171171166 5456187.21468405 5456187.214684057 5456190.73589529 5456187.215629985
2.189189189189193 5457740.072357067 5457740.072357073 5457743.607276473 5457740.073362542
2.20720720720721 5459292.944333541 5459292.944333548 5459296.492858617 5459292.945397617
2.225225225225228 5460845.83059051 5460845.830590517 5460849.392618763 5460845.83171222
2.243243243243245 5462398.731103942 5462398.731103947 5462402.306532902 5462398.732282293
2.261261261261263 5463951.645848764 5463951.645848771 5463955.234576 5463951.647082741
2.27927927927928 5465504.574798898 5465504.574798904 5465508.176722031 5465504.576087461
2.297297297297297 5467057.517927281 5467057.517927287 5467061.132943999 5467057.519269365
2.315315315315314 5468610.475205898 5468610.475205905 5468614.103213977 5468610.476600421
2.333333333333332 5470163.446605809 5470163.446605816 5470167.08750312 5470163.448051663
2.351351351351349 5471716.432097176 5471716.432097182 5471720.085781705 5471716.433593239
2.369369369369366 5473269.431649291 5473269.431649297 5473273.098019152 5473269.433194419
2.387387387387384 5474822.445230601 5474822.445230608 5474826.124184048 5474822.446823638
2.405405405405401 5476375.472808737 5476375.472808744 5476379.164244172 5476375.474448504
2.423423423423429 5477928.514350537 5477928.514350544 5477932.218166534 5477928.516035844
2.441441441441436 5479481.569822066 5479481.569822072 5479485.285917375 5479481.571551705
2.459459459459463 5481034.639188658 5481034.639188664 5481038.367462219 5481034.64096141
2.477477477477481 5482587.722414915 5482587.722414922 5482591.462765871 5482587.724229549
2.495495495495498 5484140.819464758 5484140.819464764 5484144.571792461 5484140.82132003
2.513513513513515 5485693.930301429 5485693.930301434 5485697.694505458 5485693.932196085
2.531531531531533 5487247.054887523 5487247.054887529 5487250.830867692 5487247.0568203
2.54954954954955 5488800.193185012 5488800.193185017 5488803.980841377 5488800.195154638
2.567567567567568 5490353.345155263 5490353.345155268 5490357.144388133 5490353.347160459
2.585585585585585 5491906.51075906 5491906.510759066 5491910.321469013 5491906.512798539
2.603603603603602 5493459.689956632 5493459.689956638 5493463.512044513 5493459.692029101
2.621621621621619 5495012.882707662 5495012.882707668 5495016.716074601 5495012.884811822
2.639639639639637 5496566.088971317 5496566.088971322 5496569.933518734 5496566.091105869
2.657657657657654 5498119.308706264 5498119.30870627 5498123.164335875 5498119.3108699
2.675675675675671 5499672.541870692 5499672.541870699 5499676.408484523 5499672.544062106
2.693693693693699 5501225.78842233 5501225.788422336 5501229.665922718 5501225.790640209
2.711711711711706 5502779.04831846 5502779.048318465 5502782.936608064 5502779.050561493
2.729729729729734 5504332.321515948 5504332.321515952 5504336.220497757 5504332.323782823
2.747747747747751 5505885.607971249 5505885.607971254 5505889.517548588 5505885.610260659
2.765765765765768 5507438.907640431 5507438.907640437 5507442.827716965 5507438.909951064
2.783783783783786 5508992.220479197 5508992.220479203 5508996.150958938 5508992.222809744
2.801801801801803 5510545.546442889 5510545.546442894 5510549.487230206 5510545.548792046
2.81981981981982 5512098.885486515 5512098.885486522 5512102.836486136 5512098.887852982
2.837837837837838 5513652.237564762 5513652.237564769 5513656.198681781 5513652.239947241
2.855855855855855 5515205.602632011 5515205.602632019 5515209.573771893 5515205.605029208
2.873873873873872 5516758.980642353 5516758.980642358 5516762.961710935 5516758.983052979
2.89189189189189 5518312.371549602 5518312.371549607 5518316.362453109 5518312.373972378
2.909909909909907 5519865.775307313 5519865.77530732 5519869.775952351 5519865.777740963
2.927927927927924 5521419.191868794 5521419.191868802 5521423.202162358 5521419.194312051
2.945945945945942 5522972.621187123 5522972.621187129 5522976.641036603 5522972.623638725
2.963963963963969 5524526.063215155 5524526.063215162 5524530.092528339 5524526.065673851
2.981981981981976 5526079.517905541 5526079.517905546 5526083.55659062 5526079.520370089
3.000000000000004 5527632.985210741 5527632.985210747 5527637.033176311 5527632.987679908
3.018018018018021 5529186.465083032 5529186.465083038 5529190.522238095 5529186.467555595
3.036036036036039 5530739.957474528 5530739.957474534 5530744.023728502 5530739.959949272
3.054054054054056 5532293.462337182 5532293.462337189 5532297.537599899 5532293.464812906
3.072072072072073 5533846.979622806 5533846.979622813 5533851.063804514 5533846.982098322
3.090090090090091 5535400.509283081 5535400.509283087 5535404.602294447 5535400.511757207
3.108108108108108 5536954.051269563 5536954.051269569 5536958.15302168 5536954.053741133
3.126126126126125 5538507.605533699 5538507.605533707 5538511.715938086 5538507.608001561
3.144144144144143 5540061.172026835 5540061.172026842 5540065.290995438 5540061.174489847
3.16216216216216 5541614.750700229 5541614.750700235 5541618.87814542 5541614.753157263
3.180180180180177 5543168.341505059 5543168.341505066 5543172.477339645 5543168.343955004
3.198198198198195 5544721.944392431 5544721.944392438 5544726.088529651 5544721.946834186
3.216216216216212 5546275.559313391 5546275.559313399 5546279.711666919 5546275.561745874
3.234234234234239 5547829.186218936 5547829.186218943 5547833.346702881 5547829.188641075
3.252252252252247 5549382.825060016 5549382.825060022 5549386.993588927 5549382.827470757
3.270270270270274 5550936.475787552 5550936.47578756 5550940.652276415 5550936.47818586
3.288288288288292 5552490.138352438 5552490.138352444 5552494.322716678 5552490.140737285
3.306306306306309 5554043.812705547 5554043.812705553 5554048.004861032 5554043.81507593
3.324324324324326 5555597.49879775 5555597.498797757 5555601.698660787 5555597.501152679
3.342342342342344 5557151.196579912 5557151.196579917 5557155.40406725 5557151.198918412
3.360360360360361 5558704.906002904 5558704.906002911 5558709.121031739 5558704.90832402
3.378378378378378 5560258.627017614 5560258.627017619 5560262.849505579 5560258.629320404
3.396396396396395 5561812.359574946 5561812.359574952 5561816.589440123 5561812.361858491
3.414414414414413 5563366.103625836 5563366.103625841 5563370.340786747 5563366.105889229
3.43243243243243 5564919.859121252 5564919.859121257 5564924.103496864 5564919.861363607
3.450450450450448 5566473.626012203 5566473.626012209 5566477.87752193 5566473.628232651
3.468468468468465 5568027.404249745 5568027.40424975 5568031.662813442 5568027.406447436
3.486486486486482 5569581.193784988 5569581.193784993 5569585.459322955 5569581.195959088
3.50450450450451 5571134.994569101 5571134.994569106 5571139.267002081 5571134.996718797
3.522522522522527 5572688.806553314 5572688.806553322 5572693.085802496 5572688.808677812
3.540540540540544 5574242.629688935 5574242.629688941 5574246.915675947 5574242.631787454
3.558558558558562 5575796.46392734 5575796.463927346 5575800.756574255 5575796.465999123
3.576576576576579 5577350.309219992 5577350.309219998 5577354.608449324 5577350.311264298
3.594594594594597 5578904.165518434 5578904.165518439 5578908.471253141 5578904.167534544
3.612612612612614 5580458.032774307 5580458.032774314 5580462.344937786 5580458.034761519
3.630630630630631 5582011.910939341 5582011.910939348 5582016.229455431 5582011.912896974
3.648648648648649 5583565.79996537 5583565.799965378 5583570.124758346 5583565.801892758
3.666666666666666 5585119.699804332 5585119.69980434 5585124.030798911 5585119.701700833
3.684684684684683 5586673.610408274 5586673.61040828 5586677.947529607 5586673.61227326
3.7027027027027 5588227.531729354 5588227.531729361 5588231.874903032 5588227.53356222
3.720720720720718 5589781.463719848 5589781.463719855 5589785.812871896 5589781.465520008
3.738738738738735 5591335.406332153 5591335.40633216 5591339.761389031 5591335.40809904
3.756756756756753 5592889.359518792 5592889.3595188 5592893.720407393 5592889.361251856
3.77477477477478 5594443.323232412 5594443.323232421 5594447.689880062 5594443.324931127
3.792792792792797 5595997.297425797 5595997.297425804 5596001.669760249 5595997.299089651
3.810810810810815 5597551.282051858 5597551.282051867 5597555.660001299 5597551.283680363
3.828828828828832 5599105.277063652 5599105.277063658 5599109.660556694 5599105.278656333
3.846846846846849 5600659.282414371 5600659.282414378 5600663.671380057 5600659.283970779
3.864864864864867 5602213.298057355 5602213.298057363 5602217.692425149 5602213.299577058
3.882882882882884 5603767.323946088 5603767.323946095 5603771.723645881 5603767.325428669
3.900900900900901 5605321.360034205 5605321.360034212 5605325.764996309 5605321.361479271
3.918918918918919 5606875.406275491 5606875.406275498 5606879.816430638 5606875.407682667
3.936936936936936 5608429.462623888 5608429.462623896 5608433.87790323 5608429.463992818
3.954954954954953 5609983.529033494 5609983.529033503 5609987.949368604 5609983.530363839
3.972972972972971 5611537.605458567 5611537.605458574 5611542.030781428 5611537.606750007
3.990990990990988 5613091.691853523 5613091.691853533 5613096.122096539 5613091.69310576
4.009009009009006 5614645.788172949 5614645.788172957 5614650.22326893 5614645.789385699
4.027027027027023 5616199.894371589 5616199.894371595 5616204.334253758 5616199.895544586
4.04504504504505 5617754.01040436 5617754.010404369 5617758.455006354 5617754.011537364
4.063063063063067 5619308.136226346 5619308.136226354 5619312.585482202 5619308.137319125
4.081081081081085 5620862.271792804 5620862.271792811 5620866.725636968 5620862.272845152
4.099099099099102 5622416.417059161 5622416.417059169 5622420.875426483 5622416.418070885
4.11711711711712 5623970.571981022 5623970.57198103 5623975.034806754 5623970.572951953
4.135135135135137 5625524.736514165 5625524.736514173 5625529.203733959 5625524.737444145
4.153153153153155 5627078.910614546 5627078.910614554 5627083.382164451 5627078.911503437
4.171171171171172 5628633.094238299 5628633.094238307 5628637.570054761 5628633.095085981
4.189189189189189 5630187.287341742 5630187.287341749 5630191.767361602 5630187.288148113
4.207207207207206 5631741.489881366 5631741.489881376 5631745.974041857 5631741.490646341
4.225225225225223 5633295.701813853 5633295.701813861 5633300.190052595 5633295.70253736
4.243243243243241 5634849.923096064 5634849.923096072 5634854.41535107 5634849.923778053
4.261261261261258 5636404.153685044 5636404.153685052 5636408.649894711 5636404.154325479
4.279279279279276 5637958.393538023 5637958.393538032 5637962.893641136 5637958.394136888
4.297297297297293 5639512.642612422 5639512.642612428 5639517.14654814 5639512.643169711
4.315315315315321 5641066.900865842 5641066.900865848 5641071.408573714 5641066.901381572
4.333333333333337 5642621.168256076 5642621.168256084 5642625.679676024 5642621.168730278
4.351351351351355 5644175.444741105 5644175.444741111 5644179.959813428 5644175.445173823
4.369369369369372 5645729.730279099 5645729.730279106 5645734.248944471 5645729.730670394
4.38738738738739 5647284.024828416 5647284.024828424 5647288.547027882 5647284.025178367
4.405405405405407 5648838.328347608 5648838.328347615 5648842.854022583 5648838.328656306
4.423423423423425 5650392.640795413 5650392.64079542 5650397.169887684 5650392.641062967
4.441441441441442 5651946.962130764 5651946.96213077 5651951.49458248 5651946.962357295
4.45945945945946 5653501.292312785 5653501.292312791 5653505.828066459 5653501.29249843
4.477477477477477 5655055.631300791 5655055.631300798 5655060.170299299 5655055.631445702
4.495495495495494 5656609.979054288 5656609.979054295 5656614.521240866 5656609.979158632
4.513513513513511 5658164.335532979 5658164.335532985 5658168.880851219 5658164.335596935
4.531531531531528 5659718.700696754 5659718.700696761 5659723.249090605 5659718.700720517
4.549549549549546 5661273.074505701 5661273.074505706 5661277.625919465 5661273.074489477
4.567567567567563 5662827.456920098 5662827.456920105 5662832.011298429 5662827.456864111
4.585585585585581 5664381.847900417 5664381.847900424 5664386.405188318 5664381.847804901
4.603603603603609 5665936.247407324 5665936.247407332 5665940.807550145 5665936.247272527
4.621621621621625 5667490.655401677 5667490.655401683 5667495.218345112 5667490.655227859
4.639639639639642 5669045.071844529 5669045.071844536 5669049.637534618 5669045.071631963
4.65765765765766 5670599.496697123 5670599.496697131 5670604.065080244 5670599.496446097
4.675675675675677 5672153.929920901 5672153.929920909 5672158.500943771 5672153.929631713
4.693693693693695 5673708.371477492 5673708.371477498 5673712.945087165 5673708.37115045
4.711711711711712 5675262.821328721 5675262.821328728 5675267.397472587 5675262.820964149
4.72972972972973 5676817.279436605 5676817.279436612 5676821.858062386 5676817.279034836
4.747747747747747 5678371.745763356 5678371.745763363 5678376.326819104 5678371.745324736
4.765765765765765 5679926.220271372 5679926.220271382 5679930.80370547 5679926.219796258
4.783783783783782 5681480.702923251 5681480.70292326 5681485.288684403 5681480.70241201
4.801801801801798 5683035.193681779 5683035.193681786 5683039.781719015 5683035.193134787
4.819819819819816 5684589.692509932 5684589.692509939 5684594.282772607 5684589.69192758
4.837837837837833 5686144.199370881 5686144.199370889 5686148.791808669 5686144.198753568
4.855855855855851 5687698.714227983 5687698.71422799 5687703.308790875 5687698.713576118
4.873873873873879 5689253.237044793 5689253.2370448 5689257.833683094 5689253.236358794
4.891891891891896 5690807.767785046 5690807.767785054 5690812.366449382 5690807.767065343
4.909909909909913 5692362.306412676 5692362.306412685 5692366.90705398 5692362.305659709
4.92792792792793 5693916.852891803 5693916.85289181 5693921.455461316 5693916.852106016
4.945945945945947 5695471.407186732 5695471.40718674 5695476.011636008 5695471.406368583
4.963963963963965 5697025.969261962 5697025.969261971 5697030.575542859 5697025.968411919
4.981981981981982 5698580.53908218 5698580.539082187 5698585.147146855 5698580.538200711
5 5700135.116612255 5700135.116612263 5700139.726413174 5700135.115699845
5.018018018018017 5701689.701817245 5701689.701817254 5701694.313307171 5701689.700874385
5.036036036036035 5703244.294662397 5703244.294662406 5703248.907794392 5703244.293689585
5.054054054054052 5704798.895113143 5704798.895113151 5704803.509840562 5704798.894110884
5.07207207207207 5706353.503135097 5706353.503135106 5706358.119411593 5706353.502103905
5.090090090090087 5707908.118694062 5707908.11869407 5707912.736473576 5707908.117634458
5.108108108108103 5709462.741756021 5709462.741756028 5709467.360992787 5709462.74066853
5.126126126126121 5711017.372287142 5711017.37228715 5711021.992935682 5711017.371172301
5.144144144144149 5712572.010253778 5712572.010253785 5712576.632268898 5712572.009112125
5.162162162162166 5714126.655622461 5714126.655622468 5714131.278959253 5714126.654454544
5.180180180180184 5715681.308359904 5715681.308359912 5715685.932973742 5715681.307166278
5.198198198198201 5717235.968433004 5717235.968433011 5717240.594279542 5717235.967214228
5.216216216216218 5718790.635808837 5718790.635808844 5718795.262844008 5718790.634565474
5.234234234234235 5720345.310454656 5720345.310454665 5720349.938634672 5720345.30918728
5.252252252252252 5721899.992337897 5721899.992337905 5721904.621619241 5721899.991047082
5.27027027027027 5723454.681426172 5723454.681426181 5723459.3117656 5723454.680112501
5.288288288288287 5725009.377687269 5725009.377687277 5725014.009041811 5725009.376351324
5.306306306306305 5726564.081089154 5726564.08108916 5726568.713416105 5726564.079731525
5.324324324324322 5728118.791599969 5728118.791599978 5728123.424856897 5728118.790221254
5.34234234234234 5729673.509188033 5729673.509188042 5729678.143332765 5729673.507788828
5.360360360360357 5731228.233821835 5731228.233821843 5731232.868812467 5731228.232402745
5.378378378378374 5732782.965470042 5732782.96547005 5732787.601264928 5732782.96403167
5.396396396396391 5734337.704101492 5734337.704101499 5734342.340659249 5734337.702644451
5.414414414414419 5735892.449685195 5735892.449685203 5735897.086964698 5735892.448210099
5.432432432432436 5737447.202190331 5737447.20219034 5737451.840150709 5737447.200697794
5.450450450450454 5739001.961586255 5739001.961586263 5739006.600186896 5739001.960076899
5.468468468468471 5740556.727842489 5740556.727842498 5740561.36704303 5740556.726316936
5.486486486486489 5742111.500928725 5742111.500928732 5742116.140689055 5742111.499387598
5.504504504504506 5743666.280814822 5743666.280814829 5743670.92109508 5743666.279258749
5.522522522522523 5745221.067470808 5745221.067470814 5745225.70823138 5745221.065900417
5.54054054054054 5746775.860866875 5746775.860866884 5746780.502068398 5746775.859282801
5.558558558558557 5748330.660973386 5748330.660973394 5748335.302576733 5748330.659376259
5.576576576576575 5749885.467760865 5749885.467760874 5749890.109727158 5749885.46615132
5.594594594594592 5751440.281200001 5751440.281200009 5751444.923490599 5751440.279578674
5.61261261261261 5752995.101261646 5752995.101261658 5752999.743838154 5752995.099629175
5.630630630630627 5754549.92791682 5754549.927916829 5754554.570741068 5754549.926273839
5.648648648648645 5756104.761136695 5756104.761136704 5756109.404170762 5756104.759483845
5.666666666666662 5757659.600892613 5757659.600892622 5757664.244098806 5757659.599230533
5.684684684684689 5759214.447156074 5759214.447156082 5759219.090496931 5759214.445485401
5.702702702702706 5760769.299898732 5760769.299898741 5760773.943337027 5760769.298220107
5.720720720720724 5762324.159092408 5762324.159092417 5762328.802591141 5762324.157406472
5.738738738738741 5763879.024709075 5763879.024709083 5763883.668231474 5763879.023016463
5.756756756756759 5765433.896720865 5765433.896720874 5765438.540230388 5765433.89502222
5.774774774774776 5766988.775100065 5766988.775100076 5766993.41856039 5766988.773396024
5.792792792792794 5768543.659819121 5768543.65981913 5768548.303194148 5768543.65811032
5.810810810810811 5770098.550850628 5770098.550850637 5770103.194104484 5770098.549137704
5.828828828828827 5771653.448167338 5771653.448167347 5771658.091264366 5771653.446450926
5.846846846846845 5773208.351742156 5773208.351742165 5773212.994646919 5773208.350022891
5.864864864864862 5774763.261548137 5774763.261548147 5774767.904225415 5774763.25982665
5.88288288288288 5776318.177558489 5776318.1775585 5776322.819973277 5776318.175835409
5.900900900900897 5777873.099746571 5777873.099746581 5777877.741864075 5777873.098022528
5.918918918918915 5779428.028085888 5779428.028085898 5779432.669871529 5779428.026361507
5.936936936936932 5780982.962550098 5780982.962550109 5780987.603969511 5780982.960826006
5.954954954954959 5782537.903113005 5782537.903113014 5782542.544132028 5782537.901389821
5.972972972972976 5784092.849748557 5784092.849748568 5784097.49033324 5784092.848026903
5.990990990990994 5785647.802430855 5785647.802430865 5785652.442547452 5785647.800711346
6.009009009009011 5787202.761134138 5787202.76113415 5787207.400749114 5787202.759417388
6.027027027027029 5788757.725832797 5788757.725832809 5788762.364912812 5788757.724119416
6.045045045045046 5790312.69650136 5790312.696501371 5790317.335013282 5790312.694791954
6.063063063063064 5791867.673114501 5791867.673114513 5791872.311025396 5791867.671409674
6.081081081081081 5793422.655647039 5793422.65564705 5793427.292924172 5793422.653947392
6.099099099099099 5794977.644073928 5794977.644073939 5794982.280684764 5794977.642380058
6.117117117117115 5796532.638370268 5796532.638370278 5796537.274282468 5796532.636682766
6.135135135135132 5798087.638511295 5798087.638511308 5798092.273692715 5798087.636830749
6.15315315315315 5799642.644472389 5799642.6444724 5799647.278891078 5799642.642799383
6.171171171171167 5801197.656229059 5801197.65622907 5801202.28985326 5801197.654564172
6.189189189189185 5802752.673756961 5802752.673756972 5802757.306555105 5802752.672100768
6.207207207207202 5804307.697031882 5804307.697031894 5804312.328972594 5804307.695384955
6.22522522522522 5805862.726029746 5805862.726029758 5805867.357081837 5805862.72439265
6.243243243243247 5807417.760726614 5807417.760726624 5807422.39085908 5807417.759099906
6.261261261261264 5808972.801098675 5808972.801098687 5808977.430280701 5808972.799482914
6.279279279279281 5810527.847122259 5810527.84712227 5810532.475323213 5810527.845517992
6.297297297297299 5812082.898773821 5812082.898773832 5812087.525963256 5812082.897181593
6.315315315315316 5813637.956029954 5813637.956029965 5813642.582177603 5813637.954450304
6.333333333333334 5815193.018867379 5815193.018867391 5815197.643943154 5815193.017300838
6.351351351351351 5816748.087262947 5816748.087262958 5816752.711236943 5816748.085710043
6.369369369369369 5818303.16119364 5818303.161193652 5818307.78403613 5818303.159654894
6.387387387387386 5819858.240636565 5819858.240636576 5819862.862317995 5819858.239112489
6.405405405405403 5821413.32556896 5821413.325568972 5821417.946059956 5821413.324060065
6.42342342342342 5822968.415968191 5822968.415968202 5822973.03523955 5822968.414474976
6.441441441441437 5824523.511811746 5824523.511811759 5824528.129834442 5824523.51033471
6.459459459459455 5826078.613077245 5826078.613077254 5826083.229822418 5826078.611616869
6.477477477477472 5827633.719742425 5827633.719742437 5827638.335181392 5827633.718299195
6.49549549549549 5829188.831785151 5829188.831785163 5829193.445889396 5829188.830359542
6.513513513513518 5830743.949183413 5830743.949183424 5830748.561924587 5830743.947775889
6.531531531531535 5832299.071915319 5832299.07191533 5832303.683265243 5832299.070526341
6.549549549549552 5833854.199959102 5833854.199959115 5833858.809889762 5833854.198589123
6.567567567567569 5835409.333293116 5835409.333293129 5835413.941776661 5835409.331942578
6.585585585585586 5836964.471895833 5836964.471895846 5836969.078904577 5836964.470565173
6.603603603603604 5838519.615745846 5838519.615745858 5838524.221252268 5838519.614435493
6.621621621621621 5840074.764821867 5840074.76482188 5840079.368798605 5840074.763532244
6.639639639639639 5841629.919102726 5841629.919102738 5841634.521522578 5841629.917834243
6.657657657657656 5843185.078567369 5843185.07856738 5843189.679403294 5843185.077320431
6.675675675675674 5844740.243194859 5844740.243194872 5844744.842419975 5844740.241969864
6.693693693693691 5846295.412964378 5846295.41296439 5846300.010551955 5846295.411761712
6.711711711711708 5847850.587855217 5847850.587855227 5847855.183778686 5847850.586675259
6.729729729729725 5849405.767846785 5849405.767846797 5849410.362079731 5849405.766689907
6.747747747747753 5850960.952918609 5850960.952918619 5850965.545434768 5850960.95178517
6.76576576576576 5852516.143050318 5852516.143050329 5852520.733823584 5852516.141940674
6.783783783783788 5854071.338221665 5854071.338221676 5854075.927226081 5854071.337136157
6.801801801801805 5855626.538412506 5855626.538412516 5855631.125622263 5855626.53735147
6.819819819819823 5857181.743602813 5857181.743602823 5857186.328992254 5857181.742566572
6.837837837837839 5858736.953772666 5858736.953772676 5858741.537316283 5858736.952761536
6.855855855855857 5860292.168902255 5860292.168902266 5860296.750574688 5860292.167916542
6.873873873873874 5861847.388971877 5861847.388971888 5861851.968747911 5861847.388011878
6.891891891891891 5863402.613961943 5863402.613961955 5863407.19181651 5863402.613027945
6.909909909909909 5864957.843852965 5864957.843852974 5864962.419761139 5864957.842945242
6.927927927927926 5866513.078625563 5866513.078625574 5866517.652562565 5866513.077744387
6.945945945945944 5868068.318260466 5868068.318260477 5868072.890201659 5868068.31740609
6.963963963963961 5869623.562738506 5869623.562738517 5869628.132659392 5869623.56191118
6.981981981981979 5871178.81204062 5871178.812040632 5871183.379916844 5871178.811240577
6.999999999999996 5872734.066147852 5872734.066147863 5872738.631955196 5872734.065375318
7.018018018018023 5874289.325041344 5874289.325041356 5874293.888755736 5874289.324296538
7.03603603603604 5875844.588702346 5875844.588702358 5875849.150299842 5875844.587985469
7.054054054054058 5877399.857112207 5877399.85711222 5877404.416569008 5877399.856423457
7.072072072072075 5878955.13025238 5878955.130252391 5878959.687544814 5878955.129591936
7.090090090090093 5880510.408104415 5880510.408104428 5880514.963208956 5880510.407472455
7.10810810810811 5882065.690649968 5882065.69064998 5882070.243543213 5882065.690046649
7.126126126126128 5883620.977870787 5883620.9778708 5883625.528529476 5883620.977296262
7.144144144144144 5885176.269748729 5885176.26974874 5885180.818149727 5885176.269203136
7.162162162162161 5886731.566265738 5886731.56626575 5886736.112386048 5886731.565749209
7.180180180180179 5888286.867403865 5888286.867403875 5888291.411220613 5888286.866916514
7.198198198198196 5889842.173145253 5889842.173145264 5889846.7146357 5889842.172687187
7.216216216216214 5891397.483472143 5891397.483472154 5891402.022613676 5891397.483043455
7.234234234234231 5892952.798366874 5892952.798366886 5892957.33513701 5892952.797967647
7.252252252252249 5894508.117811876 5894508.117811887 5894512.652188255 5894508.117442179
7.270270270270266 5896063.441789676 5896063.441789686 5896067.973750069 5896063.44144957
7.288288288288293 5897618.770282896 5897618.770282906 5897623.299805198 5897618.769972427
7.30630630630631 5899174.103274249 5899174.103274259 5899178.630336478 5899174.102993453
7.324324324324328 5900729.440746544 5900729.440746555 5900733.96532684 5900729.440495444
7.342342342342345 5902284.782682678 5902284.782682687 5902289.304759309 5902284.782461285
7.360360360360363 5903840.129065644 5903840.129065654 5903844.648616996 5903840.128873958
7.37837837837838 5905395.479878524 5905395.479878535 5905399.996883105 5905395.479716532
7.396396396396398 5906950.835104492 5906950.835104503 5906955.349540929 5906950.834972167
7.414414414414415 5908506.194726809 5908506.194726819 5908510.706573851 5908506.194624113
7.432432432432432 5910061.558728829 5910061.558728839 5910066.067965344 5910061.558655712
7.450450450450449 5911616.927093993 5911616.927094002 5911621.433698962 5911616.927050392
7.468468468468466 5913172.299805829 5913172.29980584 5913176.803758358 5913172.299791669
7.486486486486484 5914727.676847955 5914727.676847966 5914732.178127259 5914727.676863146
7.504504504504501 5916283.058204076 5916283.058204087 5916287.55678949 5916283.058248518
7.522522522522519 5917838.443857982 5917838.443857993 5917842.939728953 5917838.443931561
7.540540540540536 5919393.83379355 5919393.833793561 5919398.326929641 5919393.833896138
7.558558558558564 5920949.227994744 5920949.227994755 5920953.718375629 5920949.228126201
7.576576576576581 5922504.626445609 5922504.62644562 5922509.114051078 5922504.626605781
7.594594594594598 5924060.029130276 5924060.029130288 5924064.513940231 5924060.029318999
7.612612612612615 5925615.436032964 5925615.436032976 5925619.918027413 5925615.436250057
7.630630630630633 5927170.847137971 5927170.847137984 5927175.326297036 5927170.847383241
7.64864864864865 5928726.262429677 5928726.262429688 5928730.738733589 5928726.262702919
7.666666666666668 5930281.681892549 5930281.681892562 5930286.155321648 5930281.682193544
7.684684684684685 5931837.105511131 5931837.105511144 5931841.576045864 5931837.105839644
7.702702702702703 5933392.53327005 5933392.533270063 5933397.000890975 5933392.533625836
7.72072072072072 5934947.965154015 5934947.965154028 5934952.429841791 5934947.965536814
7.738738738738737 5936503.401147814 5936503.401147826 5936507.862883211 5936503.401557351
7.756756756756754 5938058.841236315 5938058.841236328 5938063.300000207 5938058.841672305
7.774774774774771 5939614.285404465 5939614.285404477 5939618.741177829 5939614.285866604
7.792792792792789 5941169.73363729 5941169.733637304 5941174.186401209 5941169.734125264
7.810810810810806 5942725.185919893 5942725.185919906 5942729.635655551 5942725.186433372
7.828828828828834 5944280.642237457 5944280.64223747 5944285.088926141 5944280.6427761
7.846846846846852 5945836.10257524 5945836.102575252 5945840.546198342 5945836.10313869
7.864864864864868 5947391.566918578 5947391.566918589 5947396.007457589 5947391.567506462
7.882882882882886 5948947.035252884 5948947.035252898 5948951.472689396 5948947.03586482
7.900900900900903 5950502.507563645 5950502.507563657 5950506.941879348 5950502.508199231
7.91891891891892 5952057.983836423 5952057.983836436 5952062.415013109 5952057.984495247
7.936936936936938 5953613.464056858 5953613.464056872 5953617.892076417 5953613.464738491
7.954954954954955 5955168.94821066 5955168.948210674 5955173.373055081 5955168.948914662
7.972972972972973 5956724.436283617 5956724.436283631 5956728.857934984 5956724.43700953
7.99099099099099 5958279.928261588 5958279.928261602 5958284.346702083 5958279.929008942
8.009009009009008 5959835.424130506 5959835.424130519 5959839.839342404 5959835.424898813
8.027027027027025 5961390.923876374 5961390.923876389 5961395.335842053 5961390.924665138
8.045045045045041 5962946.427485271 5962946.427485284 5962950.836187196 5962946.428293974
8.063063063063058 5964501.934943344 5964501.934943357 5964506.34036408 5964501.93577146
8.081081081081077 5966057.446236814 5966057.446236827 5966061.848359015 5966057.447083797
8.099099099099105 5967612.961351971 5967612.961351986 5967617.360158389 5967612.962217265
8.117117117117122 5969168.480275176 5969168.48027519 5969172.87574865 5969168.481158205
8.135135135135139 5970724.002992857 5970724.002992872 5970728.395116325 5970724.003893035
8.153153153153156 5972279.529491517 5972279.529491532 5972283.918248001 5972279.530408241
8.171171171171174 5973835.059757724 5973835.059757738 5973839.445130339 5973835.060690373
8.189189189189191 5975390.593778113 5975390.593778128 5975394.975750067 5975390.594726058
8.207207207207208 5976946.131539391 5976946.131539406 5976950.51009398 5976946.132501983
8.225225225225225 5978501.673028332 5978501.673028347 5978506.048148938 5978501.674004908
8.243243243243242 5980057.218231773 5980057.218231787 5980061.589901869 5980057.219221653
8.261261261261261 5981612.767136623 5981612.767136638 5981617.135339772 5981612.768139118
8.279279279279278 5983168.319729853 5983168.31972987 5983172.684449703 5983168.320744256
8.297297297297295 5984723.875998507 5984723.875998522 5984728.237218791 5984723.877024089
8.315315315315312 5986279.435929685 5986279.435929701 5986283.793634226 5986279.436965711
8.33333333333333 5987834.999510559 5987834.999510575 5987839.353683263 5987835.000556276
8.351351351351347 5989390.566728362 5989390.566728377 5989394.917353218 5989390.567782999
8.369369369369375 5990946.137570395 5990946.13757041 5990950.484631485 5990946.13863317
8.387387387387392 5992501.712024019 5992501.712024035 5992506.055505501 5992501.713094134
8.405405405405409 5994057.290076661 5994057.290076677 5994061.629962778 5994057.291153296
8.423423423423426 5995612.871715811 5995612.871715828 5995617.207990891 5995612.87279814
8.441441441441444 5997168.45692902 5997168.456929037 5997172.789577473 5997168.458016194
8.459459459459461 5998724.045703903 5998724.04570392 5998728.374710219 5998724.046795062
8.477477477477478 6000279.638028137 6000279.638028153 6000283.963376889 6000279.639122404
8.495495495495495 6001835.233889461 6001835.233889476 6001839.555565303 6001835.234985943
8.513513513513512 6003390.833275671 6003390.833275686 6003395.151263337 6003390.834373458
8.531531531531531 6004946.436174629 6004946.436174646 6004950.750458936 6004946.437272802
8.549549549549548 6006502.042574257 6006502.042574272 6006506.353140094 6006502.043671873
8.567567567567565 6008057.652462533 6008057.652462549 6008061.959294875 6008057.653558636
8.585585585585582 6009613.265827498 6009613.265827514 6009617.568911397 6009613.266921121
8.603603603603601 6011168.882657253 6011168.882657268 6011173.181977835 6011168.883747407
8.621621621621617 6012724.502939955 6012724.50293997 6012728.798482428 6012724.504025637
8.639639639639645 6014280.126663822 6014280.126663838 6014284.41841347 6014280.127744016
8.657657657657662 6015835.753817127 6015835.753817144 6015840.04175931 6015835.7548908
8.675675675675679 6017391.384388207 6017391.384388222 6017395.668508357 6017391.385454305
8.693693693693696 6018947.018365448 6018947.018365464 6018951.29864908 6018947.019422908
8.711711711711715 6020502.655737302 6020502.655737318 6020506.932170001 6020502.656785043
8.729729729729732 6022058.296492272 6022058.296492287 6022062.5690597 6022058.297529195
8.747747747747749 6023613.940618919 6023613.940618935 6023618.209306812 6023613.941643911
8.765765765765765 6025169.588105859 6025169.588105875 6025173.852900026 6025169.589117794
8.783783783783784 6026725.238941767 6026725.238941783 6026729.49982809 6026725.239939496
8.801801801801801 6028280.893115371 6028280.893115386 6028285.150079805 6028280.894097733
8.819819819819818 6029836.550615453 6029836.550615471 6029840.803644027 6029836.551581273
8.837837837837835 6031392.211430853 6031392.21143087 6031396.460509664 6031392.212378935
8.855855855855852 6032947.875550462 6032947.875550478 6032952.120665681 6032947.876479596
8.873873873873871 6034503.542963229 6034503.542963243 6034507.784101096 6034503.543872188
8.891891891891888 6036059.213658151 6036059.213658167 6036063.450804985 6036059.214545699
8.909909909909915 6037614.887624286 6037614.887624302 6037619.120766466 6037614.888489163
8.927927927927932 6039170.564850738 6039170.564850752 6039174.793974716 6039170.565691666
8.945945945945949 6040726.245326666 6040726.24532668 6040730.470418965 6040726.246142358
8.963963963963966 6042281.929041284 6042281.9290413 6042286.150088497 6042281.929830434
8.981981981981985 6043837.615983856 6043837.615983871 6043841.832972639 6043837.616745139
9.000000000000002 6045393.306143697 6045393.306143712 6045397.51906078 6045393.306875776
