0.01923076923076923 607071.2130738538 607071.2130738539 607071.214088577 607071.1453450271
0.03846153846153846 1214125.29286362 1214125.29286362 1214125.296755609 1214125.223701655
0.0576923076923077 1821156.322772389 1821156.322772389 1821156.33078501 1821156.2551644
0.07692307692307693 2428154.722601119 2428154.722601119 2428154.735055923 2428154.659428756
0.09615384615384616 3035104.826934143 3035104.826934143 3035104.843003437 3035104.771068806
0.1153846153846154 3641977.576013431 3641977.576013431 3641977.593315599 3641977.530304893
0.1346153846153846 4248707.183240796 4248707.183240795 4248707.197370701 4248707.149288502
0.1538461538461539 4855076.328922891 4855076.328922889 4855076.343871988 4855076.293588213
0.1730769230769231 5460360.706702888 5460360.706702891 5460360.890051858 5460360.717927957
0.1923076923076923 6066429.233260525 6066429.233260528 6066429.305537771 6066429.275613279
0.2115384615384616 6673073.273511103 6673073.273511105 6673073.291167178 6673073.315392965
0.2307692307692308 7279906.229433673 7279906.229433674 7279906.221758011 7279906.264240595
0.25 7886833.340505022 7886833.340505023 7886833.322276106 7886833.367310199
0.2692307692307693 8493816.877206823 8493816.877206825 8493816.857524823 8493816.896570906
0.2884615384615385 9100837.667413559 9100837.667413559 9100837.652595991 9100837.680372147
0.3076923076923077 9707884.439416084 9707884.439416084 9707884.434183756 9707884.44714589
0.3269230769230769 10314949.86326565 10314949.86326565 10314949.87131238 10314949.86695112
0.3461538461538461 10922028.78620678 10922028.78620678 10922028.81050782 10922028.78698207
0.3653846153846154 11529117.3382543 11529117.3382543 11529117.38124971 11529117.33717885
0.3846153846153846 12136212.43025694 12136212.43025693 12136212.4939689 12136212.42830762
0.4038461538461539 12743311.44483004 12743311.44483003 12743311.53094158 12743311.4429016
0.4230769230769231 13350412.02611623 13350412.02611622 13350412.13602522 13350412.02502566
0.4423076923076923 13957511.91837137 13957511.91837136 13957512.05322676 13957511.91886362
0.4615384615384616 14564608.82208785 14564608.82208784 14564608.9828116 14564608.8248414
0.4807692307692308 15171700.24253095 15171700.24253094 15171700.42982622 15171700.248162
0.5 15778783.30293578 15778783.30293576 15778783.51727941 15778783.31199975
0.5192307692307693 16385854.48161977 16385854.48161976 16385854.72323267 16385854.49460807
0.5384615384615385 16992909.2005034 16992909.20050339 16992909.46928428 16992909.21783105
0.5576923076923077 17599941.11788015 17599941.11788014 17599941.41326804 17599941.13985433
0.576923076923077 18206940.78986555 18206940.78986555 18206941.11054272 18206940.81660841
0.5961538461538461 18813892.82616039 18813892.82616039 18813893.16933159 18813892.85740508
0.6153846153846154 19420768.81832846 19420768.81832846 19420769.17758776 19420768.85278066
0.6346153846153846 20027504.9909809 20027504.9909809 20027505.34744238 20027505.02361907
0.6538461538461539 20633894.28598825 20633894.28598825 20633894.53498401 20633894.28884554
0.673076923076923 21239200.30582376 21239200.30582374 21239199.70823195 21239200.26754582
0.6923076923076923 21845231.86995827 21845231.86995826 21845231.42372522 21845231.85426866
0.7115384615384615 22451866.49226377 22451866.49226376 22451866.14883371 22451866.48131329
0.7307692307692308 23058695.33154852 23058695.3315485 23058695.0568268 23058695.32034489
0.75 23665620.1365871 23665620.13658709 23665619.91794811 23665620.12452099
0.7692307692307693 24272602.20998779 24272602.20998778 24272602.04174299 24272602.1974295
0.7884615384615384 24879622.00436094 24879622.00436091 24879621.88363334 24879621.99191443
0.8076923076923077 25486668.07170967 25486668.07170966 25486667.99695143 25486668.06000708
0.8269230769230769 26093732.9885428 26093732.98854278 26093732.9589032 26093732.97818212
0.8461538461538463 26700811.54835488 26700811.54835487 26700811.56337683 26700811.53988244
0.8653846153846154 27307899.84876821 27307899.8487682 27307899.90822911 27307899.84267624
0.8846153846153847 27914994.78082724 27914994.78082723 27914994.88465008 27914994.77755656
0.9038461538461539 28522093.71548592 28522093.7154859 28522093.86368674 28522093.71542989
0.9230769230769231 29129194.29109092 29129194.2910909 29129194.48374627 29129194.29459921
0.9423076923076923 29736294.25093244 29736294.25093243 29736294.48815769 29736294.25831394
0.9615384615384616 30343391.29920149 30343391.29920147 30343391.58113446 30343391.3107257
0.9807692307692307 30950482.95017201 30950482.95017198 30950483.27695754 30950482.96606857
1 31557566.34308193 31557566.34308191 31557566.71485178 31557566.36353699
1.019230769230769 32164637.98261378 32164637.98261375 32164638.39945304 32164638.00776117
1.038461538461539 32771693.33397478 32771693.33397475 32771693.79585531 32771693.36387741
1.057692307692308 33378726.12902663 33378726.1290266 33378726.63566017 33378726.1636376
1.076923076923077 33985727.05740301 33985727.05740298 33985727.60788166 33985727.09647856
1.096153846153846 34592680.99715238 34592680.99715234 34592681.58894597 34592681.04003336
1.115384615384615 35199560.17103185 35199560.17103182 35199560.7965953 35199560.21598049
1.134615384615385 35806302.73074862 35806302.73074858 35806303.36166735 35806302.7722036
1.153846153846154 36412711.23982984 36412711.2398298 36412711.6842708 36412711.2490198
1.173076923076923 37018042.47796264 37018042.47796265 37018041.0889939 37018042.41459303
1.192307692307692 37624035.26995187 37624035.26995188 37624034.32096698 37624035.23393606
1.211538461538461 38230660.14923932 38230660.14923933 38230659.47569833 38230660.1238484
1.230769230769231 38837484.78030143 38837484.78030143 38837484.27253358 38837484.75855596
1.25 39444407.24097405 39444407.24097406 39444406.85486571 39444407.22130553
1.269230769230769 40051387.83119214 40051387.83119213 40051387.54461126 40051387.81337506
1.288461538461538 40658406.61792133 40658406.61792132 40658406.41812053 40658406.60213067
1.307692307692308 41265451.97288931 41265451.97288932 41265451.85183746 41265451.95942
1.326923076923077 41872516.37725321 41872516.37725322 41872516.32957142 41872516.36642312
1.346153846153846 42479594.5698312 42479594.5698312 42479594.59176072 42479594.56194507
1.365384615384615 43086682.61532997 43086682.61532998 43086682.70416785 43086682.6106661
1.384615384615385 43693777.38466649 43693777.3846665 43693777.53843557 43693777.38347217
1.403846153846154 44300876.23691317 44300876.23691317 44300876.4541593 44300876.23940385
1.423076923076923 44907976.80445194 44907976.80445193 44907977.08411448 44907976.81081133
1.442307692307692 45515076.8294576 45515076.8294576 45515077.1707842 45515076.83983785
1.461538461538462 46122174.01966305 46122174.01966305 46122174.42215185 46122174.0341839
1.480769230769231 46729265.89815918 46729265.89815916 46729266.36151713 46729265.91690561
1.5 47336349.61991911 47336349.61991911 47336350.14402656 47336349.64293599
1.519230769230769 47943421.71557543 47943421.7155754 47943422.30044377 47943421.74285721
1.538461538461539 48550477.69291627 48550477.69291624 48550478.33861327 48550477.72438737
1.557692307692308 49157511.35605538 49157511.35605536 49157512.06253456 49157511.3915309
1.576923076923077 49764513.5254088 49764513.52540878 49764514.29206198 49764513.56450997
1.596153846153846 50371469.34081586 50371469.34081584 50371470.1651455 50371469.38276336
1.615384615384615 50978351.63690577 50978351.63690575 50978352.50982429 50978351.67990793
1.634615384615385 51585100.41288625 51585100.41288623 51585101.29620156 51585100.45167685
1.653846153846154 52191527.26119585 52191527.26119582 52191527.88640288 52191527.27039208
1.673076923076923 52796887.22167204 52796887.22167204 52796885.05082838 52796887.170993
1.692307692307693 53402839.4565329 53402839.45653289 53402838.00903318 53402839.42730335
1.711538461538462 54009454.24988291 54009454.24988288 54009453.25888204 54009454.22998982
1.730769230769231 54616274.57776614 54616274.57776608 54616273.85118019 54616274.56085438
1.75 55223194.654658 55223194.65465797 55223194.11509684 55223194.63939551
1.769230769230769 55830173.74135144 55830173.74135141 55830173.34961889 55830173.72759607
1.788461538461539 56437191.50839608 56437191.50839604 56437191.24162047 56437191.49633519
1.807692307692308 57044236.14313024 57044236.1431302 57044235.98668186 57044236.13303372
1.826923076923077 57651300.02949999 57651300.02949994 57651299.97341383 57651300.02163877
1.846153846153846 58258377.85069759 58258377.85069755 58258377.88787877 58258377.84531533
1.865384615384615 58865465.63797934 58865465.63797931 58865465.76321767 58865465.63528314
1.884615384615385 59472560.24180517 59472560.24180513 59472560.45119613 59472560.2419635
1.903846153846154 60079659.00914238 60079659.00914233 60079659.29972933 60079659.01228545
1.923076923076923 60686759.56623763 60686759.56623761 60686759.93578215 60686759.57245822
1.942307692307692 61293859.65399994 61293859.65399989 61293860.10083033 61293859.66335374
1.961538461538461 61900956.9835479 61900956.98354786 61900957.50645716 61900956.99605287
1.980769230769231 62508049.08659945 62508049.08659939 62508049.68477371 62508049.10223302
2 63115133.1335989 63115133.13359885 63115133.80656174 63115133.15229251
2.019230769230769 63722205.68072063 63722205.6807206 63722206.42827487 63722205.70234935
2.038461538461538 64329262.27764194 64329262.27764192 64329263.09977544 64329262.3020053
2.057692307692307 64936296.79944215 64936296.7994421 64936297.69611588 64936296.82622808
2.076923076923077 65543300.19465593 65543300.1946559 65543301.16524057 65543300.22336686
2.096153846153846 66150257.85856261 66150257.85856254 66150258.9001424 66150257.88834419
2.115384615384615 66757143.21909879 66757143.21909872 66757144.32043027 66757143.2482626
2.134615384615385 67363898.04755294 67363898.04755288 67363899.16027941 67363898.07177939
2.153846153846154 67970342.41586491 67970342.41586488 67970343.20442052 67970342.41744335
2.173076923076923 68575734.48404466 68575734.48404475 68575731.55450752 68575734.48808827
2.192307692307693 69181644.4535286 69181644.4535287 69181642.51006284 69181644.45749451
2.211538461538462 69788248.79933625 69788248.79933637 69788247.50137459 69788248.8025762
2.230769230769231 70395064.72576445 70395064.72576453 70395063.79250601 70395064.72663359
2.25 71001982.37846325 71001982.37846337 71001981.6976531 71001982.37744804
2.269230769230769 71608959.9408924 71608959.9408925 71608959.45569091 71608959.9387051
2.288461538461538 72215976.67602493 72215976.676025 72215976.35315029 72215976.6732906
2.307692307692308 72823020.58257528 72823020.58257535 72823020.40061589 72823020.57978751
2.326923076923077 73430083.94537339 73430083.94537348 73430083.88963275 73430083.94290248
2.346153846153846 74037161.39101624 74037161.39101632 74037161.45093089 74037161.38912594
2.365384615384615 74644248.91676553 74644248.9167656 74644249.0844873 74644248.91562891
2.384615384615385 75251343.35228986 75251343.35228993 75251343.62185241 75251343.35200188
2.403846153846154 75858442.03222561 75858442.03222568 75858442.39902851 75858442.03281294
2.423076923076923 76465542.57651272 76465542.5765128 76465543.03698969 76465542.57794082
2.442307692307692 77072642.72464421 77072642.7246443 77072643.27604376 77072642.72682206
2.461538461538462 77679740.19096932 77679740.19096939 77679740.83120622 77679740.19375163
2.480769230769231 78286832.51564509 78286832.51564516 78286833.24319664 78286832.5188324
2.5 78893916.88432713 78893916.88432719 78893917.6981535 78893916.88766253
2.519230769230769 79500989.87833107 79500989.87833115 79500990.77779588 79500989.88149309
2.538461538461538 80108047.08854569 80108047.08854577 80108048.0732951 80108047.09113516
2.557692307692307 80715082.45975979 80715082.45975986 80715083.52945878 80715082.46127686
2.576923076923077 81322087.06603454 81322087.06603457 81322088.21967418 81322087.06583746
2.596153846153846 81929046.55194001 81929046.55194007 81929047.78576599 81929046.54916604
2.615384615384615 82535934.92088366 82535934.92088372 82535936.22107558 82535934.91427487
2.634615384615385 83142695.64474629 83142695.64474635 83142696.95304579 83142695.63218673
2.653846153846154 83749156.76566474 83749156.76566477 83749157.6905679 83749156.74371836
2.673076923076923 84354584.15121303 84354584.15121317 84354580.50659427 84354584.25992592
2.692307692307692 84960450.28626151 84960450.28626162 84960447.85163803 84960450.35315494
2.711538461538461 85567043.80282366 85567043.80282374 85567042.21060348 85567043.84886363
2.73076923076923 86173855.22603226 86173855.22603232 86173854.10078704 86173855.25979999
2.75 86780770.41309421 86780770.41309427 86780769.6060046 86780770.43856117
2.769230769230769 87387746.43011583 87387746.43011589 87387745.86585499 87387746.44940653
2.788461538461538 87994762.1209252 87994762.12092528 87994761.75519316 87994762.13522054
2.807692307692307 88601805.29125392 88601805.291254 88601805.09532641 88601805.30117622
2.826923076923077 89208868.1248644 89208868.12486446 89208868.07881181 89208868.13067295
2.846153846153846 89815945.19076954 89815945.19076961 89815945.28007345 89815945.1924738
2.865384615384615 90423032.45168324 90423032.45168327 90423032.66538508 90423032.44911519
2.884615384615384 91030126.7161444 91030126.71614443 91030127.04576154 91030126.70900849
2.903846153846154 91637225.30623053 91637225.30623055 91637225.74508731 91637225.29413901
2.923076923076923 92244325.83540265 92244325.8354027 92244326.37820129 92244325.81790146
2.942307692307693 92851426.04158731 92851426.04158737 92851426.68412423 92851426.01817442
2.961538461538462 93458523.64220974 93458523.64220978 93458524.38118325 93458523.61234835
2.980769230769231 94065616.18567991 94065616.18567996 94065617.01855646 94065616.14880833
3 94672700.87260777 94672700.87260783 94672701.79752132 94672700.82814813
3.019230769230769 95279774.30905534 95279774.30905539 95279775.32471281 95279774.25642391
3.038461538461538 95886832.12645766 95886832.12645769 95886833.23200336 95886832.06508251
3.057692307692308 96493868.33808291 96493868.33808292 96493869.53280845 96493868.2674394
3.076923076923077 97100874.14099047 97100874.1409905 97100875.42356768 97100874.06068189
3.096153846153846 97707835.42307341 97707835.42307344 97707836.78923644 97707835.33303343
3.115384615384615 98314726.74603462 98314726.74603462 98314728.18034309 98314726.64711867
3.134615384615385 98921493.21442913 98921493.21442917 98921494.65170377 98921493.11065528
3.153846153846154 99527970.36758989 99527970.36758995 99527971.37570772 99527970.28126641
3.173076923076923 100133436.0297762 100133436.0297765 100133431.6652938 100133436.2292559
3.192307692307692 100739256.9771924 100739256.9771926 100739253.9938949 100739257.0755747
3.211538461538462 101345839.2627362 101345839.2627363 101345837.3443044 101345839.3263963
3.230769230769231 101952646.0781131 101952646.0781132 101952644.7416665 101952646.1256027
3.25 102559558.7576072 102559558.7576073 102559557.8129304 102559558.7951242
3.269230769230769 103166533.2081331 103166533.2081332 103166532.5591743 103166533.2384293
3.288461538461538 103773547.842416 103773547.8424161 103773547.4327473 103773547.8668588
3.307692307692307 104380590.2687282 104380590.2687282 104380590.061838 104380590.2880324
3.326923076923077 104987652.5677677 104987652.5677677 104987652.5384386 104987652.582317
3.346153846153846 105594729.2499527 105594729.2499527 105594729.3799582 105594729.2599585
3.365384615384616 106201816.242883 106201816.242883 106201816.5186263 106201816.248471
3.384615384615385 106808910.3336198 106808910.3336198 106808910.7447437 106808910.3348802
3.403846153846154 107416008.8314456 107416008.8314455 107416009.3699707 107416008.8284656
3.423076923076923 108023109.3431624 108023109.3431624 108023110.0029308 108023109.3360486
3.442307692307693 108630209.6049717 108630209.6049716 108630210.3812787 108630209.5938677
3.461538461538462 109237307.3372101 109237307.3372101 109237308.2265563 109237307.322314
3.480769230769231 109844400.0963421 109844400.096342 109844401.0962618 109844400.0779235
3.5 110451485.0976584 110451485.0976584 110451486.2065936 110451485.076081
3.51923076923077 111058558.9715504 111058558.9715503 111058560.188733 111058558.9472998
3.538461538461539 111665617.3893021 111665617.389302 111665618.7145832 111665617.3630263
3.557692307692308 112272654.4313872 112272654.4313872 112272655.8648664 112272654.4039557
3.576923076923077 112879661.4152766 112879661.4152766 112879662.9563167 112879661.3878722
3.596153846153846 113486624.4661681 113486624.466168 113486626.1104316 113486624.4404288
3.615384615384615 114093518.6870275 114093518.6870274 114093520.4160628 114093518.6652345
3.634615384615385 114700290.7492094 114700290.7492093 114700292.4826159 114700290.7341197
3.653846153846154 115306783.2446151 115306783.244615 115306784.4612146 115306783.2325529
3.673076923076923 115912289.8004271 115912289.8004274 115912284.3591089 115912289.7068677
3.692307692307693 116518064.5445346 116518064.5445349 116518060.7617063 116518064.4508845
3.711538461538462 117124635.182657 117124635.1826572 117124632.7939913 117124635.1264775
3.730769230769231 117731437.2845396 117731437.2845397 117731435.6385602 117731437.2470403
3.75 118338347.4144874 118338347.4144875 118338346.2595524 118338347.3878524
3.769230769230769 118945320.2773199 118945320.27732 118945319.4878219 118945320.2576024
3.788461538461538 119552333.8426286 119552333.8426286 119552333.3454291 119552333.8275529
3.807692307692307 120159375.5167897 120159375.5167897 120159375.2649176 120159375.5049316
3.826923076923077 120766437.2754841 120766437.2754841 120766437.2367012 120766437.2659067
3.846153846153846 121373513.5695588 121373513.5695588 121373513.7206798 121373513.5616311
3.865384615384615 121980600.2909607 121980600.2909607 121980600.6147469 121980600.2842575
3.884615384615385 122587694.2049472 122587694.2049471 122587694.6882833 122587694.1991919
3.903846153846154 123194792.6077892 123194792.6077891 123194793.2405531 123194792.6028198
3.923076923076923 123801893.0994676 123801893.0994675 123801893.8738003 123801893.0952162
3.942307692307692 124408993.4143185 124408993.4143185 124408994.3241375 124408993.4108009
3.961538461538461 125016091.2754473 125016091.2754472 125016092.3161132 125016091.2727593
3.98076923076923 125623184.2472001 125623184.2471999 125623185.4152797 125623184.2455198
4 126230269.5593108 126230269.5593107 126230270.8523931 126230269.5589084
4.019230769230769 126837343.8661335 126837343.8661334 126837345.2826505 126837343.8673871
4.038461538461538 127444402.8781828 127444402.8781827 127444404.4171559 127444402.8816055
4.057692307692307 128051440.741994 128051440.7419938 128051442.40252 128051440.7482731
4.076923076923077 128658448.8931049 128658448.8931048 128658450.6730742 128658448.9031583
4.096153846153846 129265413.6885171 129265413.688517 129265415.5809323 129265413.7035573
4.115384615384615 129872310.7568158 129872310.7568156 129872312.7373185 129872310.7783353
4.134615384615384 130479088.2756952 130479088.275695 130479090.2472832 130479088.3046709
4.153846153846154 131085595.4859982 131085595.485998 131085596.8619964 131085595.5134973
4.173076923076923 131691145.2070058 131691145.2070065 131691139.05318 131691145.1392636
4.192307692307693 132296873.0453687 132296873.0453692 132296868.6535879 132296872.9789754
4.211538461538462 132903431.5799113 132903431.5799116 132903428.8590228 132903431.5482364
4.230769230769231 133510228.8527976 133510228.8527979 133510227.0038577 133510228.8360609
4.25 134117136.387175 134117136.3871752 134117135.1076731 134117136.3781247
4.269230769230769 134724107.6390925 134724107.6390927 134724106.7796495 134724107.6344236
4.288461538461538 135331120.1218958 135331120.121896 135331119.5960927 135331120.1198852
4.307692307692308 135938161.0352001 135938161.0352002 135938160.7877623 135938161.034881
4.326923076923077 136545222.2475096 136545222.2475096 136545222.2405935 136545222.2483253
4.346153846153847 137152298.149013 137152298.149013 137152298.3554332 137152298.1506512
4.365384615384615 137759384.5953977 137759384.5953977 137759384.99494 137759384.597704
4.384615384615385 138366478.3297486 138366478.3297486 138366478.9070117 138366478.3326791
4.403846153846153 138973576.6350785 138973576.6350785 138973577.3781376 138973576.6386729
4.423076923076923 139580677.1043636 139580677.1043635 139580678.0039073 139580677.108731
4.442307692307692 140187777.4699176 140187777.4699176 140187778.5186697 140187777.47523
4.461538461538462 140794875.457457 140794875.4574569 140794876.6497763 140794875.4639485
4.480769230769231 141401968.6390244 141401968.6390243 141401969.9706142 141401968.646996
4.5 142009054.2585464 142009054.2585463 142009055.7262199 142009054.2683756
4.519230769230769 142616128.9939601 142616128.99396 142616130.595404 142616129.0061176
4.538461538461538 143223188.5943789 143223188.5943787 143223190.3278161 143223188.6094527
4.557692307692307 143830227.2712453 143830227.2712451 143830229.1347748 143830227.289977
4.576923076923077 144437236.5758211 144437236.575821 144437238.5658395 144437236.599156
4.596153846153846 145044203.0914716 145044203.0914714 145044205.1982951 145044203.1206179
4.615384615384616 145651102.9571097 145651102.9571095 145651105.1505855 145651102.9935418
4.634615384615385 146257885.7986287 146257885.7986284 146257887.9662982 146257885.8435054
4.653846153846154 146864407.1275771 146864407.1275769 146864408.6279851 146864407.1749775
4.673076923076923 147470001.8015062 147470001.801507 147469995.0466806 147470001.8079146
4.692307692307693 148075682.500814 148075682.5008146 148075677.4942345 148075682.4860573
4.711538461538462 148682228.4548272 148682228.4548277 148682225.4073506 148682228.4593801
4.730769230769231 149289020.7815265 149289020.7815268 149289018.7372401 149289020.7918831
4.75 149895925.6744985 149895925.6744988 149895924.2780854 149895925.6862962
4.769230769230769 150502895.2926647 150502895.2926649 150502894.3703738 150502895.3042483
4.788461538461538 151109906.6797692 151109906.6797692 151109906.131647 151109906.6904902
4.807692307692307 151716946.8237701 151716946.8237701 151716946.5861033 151716946.8334244
4.826923076923077 152324007.4838451 152324007.4838451 152324007.5130965 152324007.4924499
4.846153846153846 152931082.9884485 152931082.9884485 152931083.2533671 152931082.9961424
4.865384615384615 153538169.1564142 153538169.156414 153538169.633755 153538169.1634085
4.884615384615384 154145262.7082939 154145262.7082937 154145263.3803188 154145262.7148499
4.903846153846153 154752360.9136028 154752360.9136026 154752361.7665346 154752360.9200194
4.923076923076923 155359461.3581342 155359461.3581339 155359462.3811571 155359461.3647447
4.942307692307693 155966561.772027 155966561.7720268 155966562.9566148 155966561.7792
4.961538461538462 156573659.8834555 156573659.8834552 156573661.2229016 156573659.8915994
4.980769230769231 157180753.2719776 157180753.2719773 157180754.7610483 157180753.2815497
5 157787839.1954668 157787839.1954664 157787840.8301122 157787839.2069858
