0.1423593429158111 4492952.371522522 4492952.371522523 4492952.385847727 4492952.449282185
0.1432719598448551 4521731.783931495 4521731.783931495 4521731.798270685 4521731.872428176
0.1441845767738991 4550510.006830009 4550510.00683001 4550510.021150447 4550510.105476607
0.1450971937029432 4579286.96109335 4579286.96109335 4579286.975355932 4579287.069209037
0.1460098106319872 4608062.55979076 4608062.559790761 4608062.573948778 4608062.676586501
0.1469224275610312 4636836.707219386 4636836.707219386 4636836.72121702 4636836.831781057
0.1478350444900753 4665609.29781089 4665609.297810892 4665609.311581374 4665609.429079703
0.1487476614191193 4694380.214899596 4694380.214899597 4694380.228362964 4694380.351649484
0.1496602783481633 4723149.329344757 4723149.329344758 4723149.342405099 4723149.470156483
0.1505728952772074 4751916.498007187 4751916.498007187 4751916.51054927 4751916.641239062
0.1514855122062514 4780681.562094602 4780681.562094603 4780681.573979717 4780681.705850041
0.1523981291352954 4809444.345414668 4809444.345414669 4809444.356475531 4809444.487507426
0.1533107460643395 4838204.652616423 4838204.652616424 4838204.66265092 4838204.790535393
0.1542233629933835 4866962.267569274 4866962.267569275 4866962.276332838 4866962.398446535
0.1551359799224276 4895716.952139263 4895716.952139263 4895716.959335648 4895717.072727975
0.1560485968514716 4924468.445796567 4924468.445796568 4924468.451066898 4924468.552469923
0.1569612137805156 4953216.466756422 4953216.466756423 4953216.46966653 4953216.555545574
0.1578738307095597 4981960.715753888 4981960.715753888 4981960.715780399 4981960.782452146
0.1587864476386037 5010700.88411343 5010700.88411343 5010700.880629853 5010700.924484808
0.1596990645676477 5039436.668492873 5039436.668492872 5039436.660758471 5039436.678631898
0.1606116814966917 5068167.795443282 5068167.795443281 5068167.78260003 5068167.772330198
0.1615242984257358 5096894.059360819 5096894.059360816 5096894.040447613 5096894.001624959
0.1624369153547798 5125615.376674217 5125615.376674215 5125615.35067199 5125615.285496105
0.1633495322838238 5154331.85576399 5154331.855763989 5154331.821687357 5154331.735701399
0.1642621492128679 5183043.874495767 5183043.874495763 5183043.831539487 5183043.73383778
0.1651747661419119 5211752.145291243 5211752.145291241 5211752.09301562 5211751.995438823
0.1660873830709559 5240457.736138715 5240457.736138714 5240457.674642664 5240457.58971823
0.167 5269162.016151195 5269162.016151192 5269161.946160882 5269161.8842862
0.167912616929044 5297866.517122784 5297866.51712278 5297866.439943285 5297866.407120237
0.168825233858088 5326572.742692491 5326572.742692487 5326572.660026764 5326572.657351059
0.1697378507871321 5355281.986912387 5355281.986912386 5355281.900611287 5355281.925523167
0.1706504677161761 5383995.21835553 5383995.218355529 5383995.130184161 5383995.178405803
0.1715630846452202 5412713.049483519 5412713.049483517 5412712.960963329 5412713.028043329
0.1724757015742642 5441435.77376566 5441435.773765658 5441435.686105555 5441435.768181222
0.1733883185033082 5470163.437114631 5470163.437114629 5470163.351211099 5470163.445161786
0.1743009354323523 5498895.914716976 5498895.914716974 5498895.83119321 5498895.934506338
0.1752135523613963 5527632.976876561 5527632.976876558 5527632.896135873 5527633.006713287
0.1761261692904403 5556374.338418933 5556374.338418928 5556374.260697503 5556374.376701403
0.1770387862194844 5585119.692475265 5585119.692475261 5585119.617887377 5585119.737645245
0.1779514031485284 5613868.731890349 5613868.731890344 5613868.660464277 5613868.782420386
0.1788640200775724 5642621.16177825 5642621.161778245 5642621.093483408 5642621.216178939
0.1797766370066164 5671376.706160676 5671376.706160671 5671376.640927499 5671376.762995098
0.1806892539356605 5700135.110850444 5700135.11085044 5700135.048584665 5700135.168748626
0.1816018708647045 5728896.144063951 5728896.144063948 5728896.084656655 5728896.201734126
0.1825144877937485 5757659.595734306 5757659.595734304 5757659.539068933 5757659.651970076
0.1834271047227926 5786425.276139359 5786425.276139355 5786425.222096505 5786425.32982303
0.1843397216518366 5815193.014220853 5815193.014220849 5815192.962681511 5815193.064323671
0.1852523385808807 5843962.655817583 5843962.655817578 5843962.606665281 5843962.701397654
0.1861649555099247 5872734.061938706 5872734.061938701 5872734.015060867 5872734.102137344
0.1870775724389687 5901507.107143805 5901507.107143801 5901507.062432581 5901507.141180895
0.1879901893680128 5930281.678060292 5930281.678060288 5930281.635413006 5930281.70522911
0.1889028062970568 5959057.672047602 5959057.672047595 5959057.631366955 5959057.691709433
0.1898154232261008 5987834.996005725 5987834.99600572 5987834.957199831 5987835.007584497
0.1907280401551449 6016613.565319301 6016613.565319296 6016613.528301584 6016613.568296367
0.642859342915811 20287523.19120922 20287523.19120917 20287524.38610403 20287522.98316411
0.6437719598448551 20316302.75689287 20316302.75689281 20316303.94586904 20316302.56239106
0.6446845767738991 20345081.14305274 20345081.14305269 20345082.32407956 20345080.96194124
0.6455971937029432 20373858.27153572 20373858.27153567 20373859.44226248 20373858.10362294
0.6465098106319872 20402634.05650209 20402634.05650204 20402635.21420098 20402633.90155216
0.6474224275610312 20431408.40347546 20431408.40347541 20431409.54497261 20431408.26120183
0.6483350444900753 20460181.20826699 20460181.20826694 20460182.32985889 20460181.07832528
0.6492476614191193 20488952.35576239 20488952.35576234 20488953.45311429 20488952.23774267
0.6501602783481634 20517721.71856377 20517721.71856372 20517722.78658584 20517721.61198238
0.6510728952772074 20546489.15548505 20546489.155485 20546490.18818096 20546489.05977664
0.6519855122062514 20575254.5099131 20575254.50991305 20575255.50019465 20575254.42442351
0.6528981291352954 20604017.60806936 20604017.60806931 20604018.54752923 20604017.53205098
0.6538107460643394 20632778.25724579 20632778.25724575 20632779.13587961 20632778.18985795
0.6547233629933835 20661536.24415326 20661536.24415321 20661537.05002075 20661536.18447174
0.6556359799224275 20690291.3336241 20690291.33362405 20690292.05243927 20690291.28066631
0.6565485968514716 20719043.26807507 20719043.26807503 20719043.88271758 20719043.22085096
0.6574612137805156 20747791.76839042 20747791.76839037 20747792.25833715 20747791.72599399
0.6583738307095597 20776536.5372637 20776536.53726366 20776536.87795553 20776536.49902578
0.6592864476386037 20805277.26657498 20805277.26657493 20805277.42876598 20805277.23230266
0.6601990645676478 20834013.6510806 20834013.65108056 20834013.60027829 20834013.62140869
0.6611116814966917 20862745.41146326 20862745.41146323 20862745.1076739 20862745.38832701
0.6620242984257357 20891472.33030393 20891472.3303039 20891471.72846108 20891472.31749653
0.6629369153547798 20920194.3040312 20920194.30403118 20920193.35568888 20920194.30771669
0.6638495322838238 20948911.41100497 20948911.41100497 20948910.06800415 20948911.43992472
0.6647621492128679 20977623.98891278 20977623.98891278 20977622.20949418 20977624.05390722
0.6656747661419119 21006332.7031407 21006332.70314072 21006330.46004152 21006332.81563519
0.666587383070956 21035038.57567091 21035038.57567094 21035035.86422637 21035038.74512543
0.6675 21063742.9419219 21063742.94192193 21063739.78508463 21063743.17298485
0.668412616929044 21092447.32257042 21092447.32257046 21092443.77024861 21092447.61334803
0.6693252338580881 21121153.23645884 21121153.23645889 21121149.35879786 21121153.57900228
0.6702378507871321 21149862.01411526 21149862.01411531 21149857.89103906 21149862.39684783
0.6711504677161761 21178574.67104496 21178574.67104502 21178570.3817213 21178575.08169857
0.6720630846452201 21207291.86612178 21207291.86612184 21207287.48124864 21207292.29385945
0.6729757015742642 21236013.93153489 21236013.93153495 21236009.50942205 21236014.36784508
0.6738883185033082 21264740.9415742 21264740.94157426 21264736.52740226 21264741.38024703
0.6748009354323522 21293472.78998091 21293472.78998097 21293468.41700567 21293473.22665908
0.6757135523613963 21322209.25776576 21322209.25776581 21322204.94936028 21322209.68942185
0.6766261692904403 21350950.06484688 21350950.06484694 21350945.83666503 21350950.48934763
0.6775387862194844 21379694.90575034 21379694.90575039 21379690.76765493 21379695.32154484
0.6784514031485284 21408443.47245477 21408443.47245482 21408439.43008824 21408443.87836973
0.6793640200775725 21437195.46793872 21437195.46793877 21437191.52393648 21437195.86305049
0.6802766370066164 21465950.61346452 21465950.61346456 21465946.76836189 21465950.99702121
0.6811892539356605 21494708.65186203 21494708.65186208 21494704.90475763 21494709.02323638
0.6821018708647045 21523469.34837728 21523469.34837732 21523465.69741139 21523469.70703769
0.6830144877937485 21552232.49011616 21552232.49011621 21552228.9328119 21552232.83560832
0.6839271047227926 21580997.88473739 21580997.88473744 21580994.41824201 21580998.2166719
0.6848397216518366 21609765.35879694 21609765.35879698 21609761.9800511 21609765.67684042
0.6857523385808807 21638534.75598346 21638534.75598351 21638531.46183883 21638535.05985178
0.6866649555099247 21667305.93538121 21667305.93538125 21667302.72268115 21667306.22483387
0.6875775724389688 21696078.76983343 21696078.76983346 21696075.6354675 21696079.04466883
0.6884901893680128 21724853.14444045 21724853.14444049 21724850.08538018 21724853.40449171
0.6894028062970567 21753628.95520423 21753628.95520426 21753625.96852581 21753629.2003355
0.6903154232261008 21782406.10781803 21782406.10781807 21782403.19071566 21782406.33792119
0.6912280401551448 21811184.51659304 21811184.51659308 21811181.66638577 21811184.73158465
1.143359342915811 36082094.1393349 36082094.13933479 36082097.27787548 36082094.16459655
1.144271959844855 36110873.85350017 36110873.85350007 36110876.96881853 36110873.88942261
1.145184576773899 36139652.39777926 36139652.39777915 36139655.48440142 36139652.44382986
1.146097193702943 36168429.69495385 36168429.69495375 36168432.74657951 36168429.75050039
1.147009810631987 36197205.66023378 36197205.66023368 36197208.6695917 36197205.72452749
1.147922427561031 36225980.2003224 36225980.20032231 36225983.15899624 36225980.27247785
1.148835044490075 36254753.21235775 36254753.21235766 36254756.11057554 36254753.29132907
1.149747661419119 36283524.5827179 36283524.58271782 36283527.40909687 36283524.66727066
1.150660278348163 36312294.18568186 36312294.18568177 36312296.92691808 36312294.27435992
1.151572895277207 36341061.88194361 36341061.88194352 36341064.52243369 36341061.9730304
1.152485512206251 36369827.51698922 36369827.51698913 36369830.03836816 36369827.60846259
1.153398129135295 36398590.91936814 36398590.91936806 36398593.2999448 36398591.00884883
1.154310746064339 36427351.89892608 36427351.89892601 36427354.11299424 36427351.98361996
1.155223362993383 36456110.24512773 36456110.24512766 36456112.26212856 36456110.32176342
1.156135979922428 36484865.72569412 36484865.72569407 36484867.50920606 36484865.79045974
1.157048596851471 36513618.08593565 36513618.0859356 36513619.59247316 36513618.13442179
1.157961213780516 36542367.04940088 36542367.04940084 36542368.22702058 36542367.07656265
1.15887383070956 36571112.32082232 36571112.32082228 36571113.10757336 36571112.32098135
1.159786447638604 36599853.59285616 36599853.59285615 36599853.91519079 36599853.55977422
1.160699064567648 36628590.5587949 36628590.55879489 36628590.33020211 36628590.48586244
1.161611681496692 36657322.93420459 36657322.93420462 36657322.05458592 36657322.81479522
1.162524298425736 36686050.49101794 36686050.49101797 36686048.84772213 36686050.31905203
1.16343691535478 36714773.10730503 36714773.10730509 36714770.57923921 36714772.87802799
1.164349532283824 36743490.83345324 36743490.83345334 36743487.30002438 36743490.54434583
1.165262149212868 36772203.96911629 36772203.96911642 36772199.32525269 36772203.62070971
1.166174766141912 36800913.134273 36800913.13427314 36800907.31058736 36800912.73047569
1.167087383070956 36829619.3052384 36829619.30523857 36829612.28868116 36829618.85277324
1.168 36858323.78227273 36858323.78227293 36858315.62964101 36858323.28924233
1.168912616929044 36887028.07188834 36887028.07188855 36887018.90931106 36887027.54619396
1.169825233858088 36915733.70448931 36915733.70448954 36915723.71126875 36915733.15302476
1.170737850787132 36944442.04402699 36944442.04402725 36944431.42617707 36944441.47285151
1.171650467716176 36973154.15116277 36973154.15116301 36973143.11396681 36973153.56604694
1.17256308464522 37001870.73067117 37001870.73067142 37001859.45809656 37001870.13736462
1.173475701574264 37030592.15378655 37030592.15378682 37030580.79772523 37030591.5578577
1.174388318503308 37059318.52386843 37059318.52386869 37059307.20184709 37059317.93034285
1.175300935432352 37088049.75395276 37088049.75395302 37088038.55213712 37088049.16700476
1.176213552361396 37116785.63639283 37116785.63639309 37116774.61492516 37116785.05920369
1.17712616929044 37145525.89668888 37145525.89668914 37145515.09540796 37145525.33146324
1.178038786219484 37174270.23111661 37174270.23111684 37174259.67467416 37174269.67919891
1.178951403148528 37203018.33103744 37203018.33103768 37203008.03306721 37203017.79307096
1.179864020077572 37231769.89746661 37231769.89746686 37231759.86379953 37231769.37355551
1.180776637006616 37260524.64902617 37260524.64902641 37260514.88008627 37260524.13888011
1.18168925393566 37289282.32564624 37289282.32564646 37289272.81819622 37289281.82869971
1.182601870864704 37318042.68966175 37318042.68966197 37318033.43805532 37318042.20516758
1.183514487793748 37346805.52539477 37346805.525395 37346796.52246481 37346805.0524948
1.184427104722793 37375570.63791759 37375570.6379178 37375561.87560005 37375570.17569458
1.185339721651837 37404337.85142583 37404337.85142604 37404329.32119399 37404337.39894075
1.186252338580881 37433107.0074785 37433107.00747869 37433098.70064168 37433106.56379642
1.187164955509925 37461877.96325194 37461877.96325213 37461869.87115818 37461877.52745973
1.188077572438969 37490650.58988745 37490650.58988763 37490642.70405812 37490650.16110519
1.188990189368013 37519424.77097078 37519424.77097097 37519417.08318728 37519424.34835889
1.189902806297057 37548200.40115742 37548200.40115761 37548192.90351417 37548199.98392056
1.190815423226101 37576977.38494375 37576977.38494394 37576970.06987768 37576976.97233247
1.191728040155145 37605755.63557637 37605755.63557655 37605748.49588014 37605755.22688731
1.643859342915811 51876665.33713143 51876665.33713122 51876670.23744676 51876665.20489477
1.644771959844855 51905445.19948246 51905445.19948228 51905450.0553273 51905445.07757528
1.645684576773899 51934223.90153229 51934223.90153211 51934228.70410668 51934223.78981306
1.646597193702943 51963001.36698966 51963001.36698946 51963006.10620625 51963001.26527743
1.647509810631987 51991777.51210518 51991777.51210499 51991782.17636772 51991777.42017307
1.648422427561031 52020552.24475195 52020552.24475177 52020556.82068911 52020552.16231945
1.649335044490075 52049325.46338367 52049325.4633835 52049329.93552817 52049325.39010789
1.650247661419119 52078097.05585827 52078097.0558581 52078101.40625866 52078096.99132396
1.651160278348163 52106866.89811802 52106866.89811786 52106871.10586767 52106866.84182644
1.652072895277207 52135634.85272251 52135634.85272235 52135638.89338668 52135634.8040792
1.652985512206251 52164400.76724242 52164400.76724228 52164404.61216021 52164400.72554438
1.653898129135295 52193164.47254171 52193164.47254156 52193168.08797504 52193164.43696488
1.654810746064339 52221925.7810098 52221925.78100965 52221929.12710735 52221925.75059839
1.655723362993383 52250684.48486211 52250684.48486198 52250687.51440261 52250684.45852277
1.656635979922428 52279440.35471861 52279440.35471848 52279443.0115981 52279440.33122387
1.657548596851471 52308193.1388165 52308193.13881639 52308195.35625281 52308193.11682517
1.658461213780515 52336942.56344012 52336942.56344003 52336944.26189222 52336942.54154586
1.65937383070956 52365688.33549363 52365688.33549356 52365689.42035022 52365688.31231774
1.660286447638604 52394430.14863655 52394430.1486365 52394430.50784305 52394430.1229856
1.661199064567648 52423167.6950634 52423167.6950634 52423167.19707194 52423167.66617371
1.662111681496692 52451900.68578053 52451900.68578054 52451899.17858144 52451900.65366179
1.663024298425736 52480628.88286527 52480628.88286532 52480626.19544475 52480628.84872616
1.66393691535478 52509352.14706063 52509352.14706071 52509348.09537677 52509352.11373481
1.664849532283824 52538070.50194694 52538070.50194708 52538064.90205827 52538070.47414301
1.665762149212868 52566784.21015605 52566784.21015625 52566776.90050592 52566784.19425654
1.666674766141912 52595493.8466223 52595493.84662254 52595484.71840885 52595493.84973939
1.667587383070956 52624200.34114975 52624200.34115006 52624189.3702313 52624200.36935638
1.6685 52652904.95653751 52652904.95653787 52652892.2255001 52652905.01275384
1.669412616929044 52681609.18179766 52681609.18179809 52681594.88121489 52681609.26443716
1.670325233858088 52710314.55558458 52710314.55558504 52710298.96090023 52710314.6589421
1.671237850787132 52739022.4730756 52739022.47307608 52739005.90434496 52739022.58931357
1.672150467716176 52767734.03948141 52767734.03948192 52767716.8182039 52767734.16099607
1.67306308464522 52796450.00620005 52796450.00620056 52796432.42202689 52796450.12718825
1.673975701574264 52825170.78493603 52825170.78493655 52825153.07767554 52825170.90182506
1.674888318503308 52853896.50966892 52853896.50966944 52853878.86493521 52853896.62076363
1.675800935432352 52882627.11406637 52882627.11406686 52882609.6676687 52882627.21891824
1.676713552361396 52911362.40282937 52911362.40282985 52911345.24912794 52911362.50165742
1.67762616929044 52940102.107726 52940102.10772648 52940085.30873413 52940102.20100969
1.678538786219484 52968845.92721292 52968845.92721337 52968829.52078966 52968846.01545444
1.679451403148528 52997593.55228298 52997593.55228342 52997577.55882127 52997593.63589252
1.680364020077572 53026344.68211467 53026344.68211511 53026329.10969707 53026344.76137088
1.681276637006616 53055099.03273901 53055099.03273943 53055083.88097192 53055099.10778958
1.68218925393566 53083856.34118924 53083856.34118966 53083841.60398772 53083856.4120693
1.683101870864704 53112616.36686572 53112616.36686613 53112602.03444345 53112616.43352192
1.684014487793748 53141378.89126973 53141378.89127012 53141364.9515435 53141378.95358364
1.684927104722793 53170143.71684436 53170143.71684475 53170130.15641514 53170143.77465294
1.685839721651837 53198910.66538119 53198910.66538156 53198897.47021204 53198910.71849313
1.68675233858088 53227679.57626721 53227679.57626757 53227666.73214596 53227679.62447569
1.687664955509925 53256450.30473132 53256450.30473167 53256437.79758109 53256450.34782355
1.688577572438969 53285222.72017681 53285222.72017715 53285210.53625946 53285222.75794087
1.689490189368013 53313996.70464224 53313996.70464259 53313984.83068683 53313996.73687195
1.690402806297057 53342772.15140758 53342772.1514079 53342760.57468628 53342772.17790565
1.691315423226101 53371548.96374636 53371548.96374667 53371537.6721144 53371548.98432656
1.692228040155145 53400327.05381767 53400327.05381797 53400316.03572817 53400327.06830601
2.144859342915811 67687004.71390557 67687004.71390519 67687011.49671806 67687004.41659088
2.145771959844855 67715784.10025764 67715784.10025725 67715790.80468613 67715783.81450416
2.146684576773899 67744562.29525004 67744562.29524969 67744568.90757672 67744562.02136344
2.147597193702943 67773339.21957631 67773339.21957596 67773345.72410068 67773338.9578881
2.148509810631988 67802114.78610121 67802114.78610085 67802121.16479914 67802114.53697339
2.149422427561031 67830888.89889172 67830888.89889137 67830895.13100623 67830888.66272265
2.150335044490075 67859661.45212032 67859661.45212001 67859667.51366776 67859661.22935216
2.15124766141912 67888432.32882936 67888432.32882905 67888438.19200251 67888432.11995777
2.152160278348163 67917201.39954945 67917201.39954916 67917207.03199372 67917201.20513654
2.153072895277208 67945968.52077252 67945968.52077222 67945973.88470629 67945968.34146391
2.153985512206252 67974733.53329371 67974733.53329341 67974738.58443843 67974733.36984177
2.154898129135296 68003496.26046264 68003496.26046237 68003500.94674161 68003496.11375809
2.15581074606434 68032256.50642535 68032256.50642508 68032260.76638521 68032256.3775409
2.156723362993384 68061014.05450854 68061014.05450828 68061017.81541513 68061013.94475946
2.157635979922428 68089768.66600911 68089768.66600889 68089771.84157445 68089768.57703745
2.158548596851472 68118520.07982819 68118520.07982798 68118522.56754686 68118520.01371983
2.159461213780516 68147268.01365982 68147268.01365966 68147269.69178563 68147267.97310549
2.16037383070956 68176012.16784674 68176012.16784662 68176012.89215305 68176012.15635841
2.161286447638604 68204752.23357987 68204752.2335798 68204751.83426417 68204752.25576988
2.162199064567648 68233487.90784088 68233487.90784083 68233486.18732655 68233487.96975419
2.163111681496692 68262218.918247 68262218.91824703 68262215.65128601 68262219.02769883
2.164024298425736 68290945.06137648 68290945.0613766 68290939.99979265 68290945.22817366
2.16493691535478 68319666.25737691 68319666.25737707 68319659.14278321 68319666.49319704
2.165849532283824 68348382.62022543 68348382.62022568 68348373.20823313 68348382.93783063
2.166762149212868 68377094.53527646 68377094.53527682 68377082.63244127 68377094.94675328
2.167674766141912 68405802.72369519 68405802.72369565 68405788.23246095 68405803.23768289
2.168587383070956 68434508.26197627 68434508.26197682 68434491.22099091 68434508.88046679
2.1695 68463212.52540259 68463212.5254032 68463193.12844071 68463213.24145813
2.170412616929044 68491917.04773535 68491917.04773603 68491895.62938212 68491917.84562638
2.171325233858088 68520623.32974982 68520623.32975058 68520600.31950843 68520624.18789546
2.172237850787132 68549332.65878662 68549332.65878738 68549308.51946995 68549333.55416201
2.173150467716176 68578045.9948578 68578045.99485859 68578021.16603552 68578046.90683816
2.17406308464522 68606763.94200033 68606763.94200113 68606738.80250441 68606764.85442322
2.174975701574264 68635486.7866713 68635486.78667209 68635461.63882919 68635487.68815711
2.175888318503309 68664214.56964341 68664214.56964417 68664189.64001147 68664215.45288305
2.176800935432353 68692947.16273196 68692947.16273274 68692922.61194102 68692948.02344026
2.177713552361396 68721684.33428079 68721684.33428153 68721660.27006461 68721685.17022516
2.178626169290441 68750425.79816563 68750425.79816638 68750402.28805852 68750426.60841896
2.179538786219485 68779171.24723542 68779171.24723618 68779148.32937735 68779172.03165793
2.180451403148528 68807920.3744631 68807920.3744638 68807898.06612691 68807921.13336597
2.181364020077573 68836672.88532349 68836672.88532418 68836651.18934113 68836673.61925988
2.182276637006617 68865428.50431569 68865428.50431632 68865407.41377901 68865429.21395479
2.183189253935661 68894186.97777392 68894186.97777455 68894166.47940505 68894187.66382782
2.184101870864705 68922948.0744372 68922948.07443781 68922928.15096942 68922948.73761958
2.185014487793749 68951711.58473825 68951711.58473884 68951692.21657805 68951712.22574209
2.185927104722793 68980477.31941941 68980477.31941999 68980458.48579367 68980477.93890606
2.186839721651837 69009245.1078468 69009245.10784735 69009226.78758408 69009245.70644134
2.187752338580881 69038014.79624249 69038014.79624304 69037996.96829709 69038015.37453297
2.188664955509925 69066786.24595964 69066786.24596015 69066768.88975434 69066786.80449781
2.189577572438969 69095559.33186497 69095559.33186544 69095542.42750792 69095559.8711686
2.190490189368013 69124333.94085981 69124333.94086029 69124317.46927336 69124334.46141489
2.191402806297057 69153109.97054736 69153109.97054783 69153093.91353659 69153110.47281058
2.192315423226101 69181887.3280447 69181887.32804514 69181871.66832447 69181887.81244606
2.193228040155145 69210665.92892973 69210665.92893018 69210650.65012401 69210666.39587472
2.645359342915811 83481576.26934767 83481576.26934718 83481585.86728074 83481576.58079514
2.646271959844855 83510355.79974693 83510355.79974644 83510365.2713951 83510356.11383338
2.647184576773899 83539134.14818199 83539134.14818151 83539143.47324167 83539134.46406202
2.648097193702943 83567911.23626125 83567911.23626079 83567920.39155841 83567911.55295461
2.649009810631987 83596686.97787702 83596686.97787654 83596695.93688056 83596687.29424587
2.649922427561031 83625461.27825151 83625461.27825104 83625470.01048958 83625461.59297331
2.650835044490075 83654234.03285651 83654234.03285608 83654242.5032143 83654234.34439203
2.651747661419119 83683005.12619574 83683005.12619533 83683013.29406773 83683005.4327509
2.652660278348163 83711774.43044154 83711774.43044111 83711782.24870571 83711774.72992229
2.653572895277208 83740541.80392562 83740541.80392522 83740549.21769936 83740542.09388468
2.654485512206251 83769307.08949569 83769307.0894953 83769314.03462526 83769307.36706991
2.655398129135295 83798070.11277461 83798070.11277424 83798076.51400191 83798070.37461238
2.65631074606434 83826830.68039681 83826830.68039647 83826836.44913961 83826830.9225748
2.657223362993383 83855588.57836306 83855588.57836278 83855593.61004196 83855588.79629353
2.658135979922427 83884343.5707597 83884343.57075942 83884347.74161242 83884343.75909084
2.659048596851472 83913095.39925471 83913095.39925447 83913098.56260782 83913095.55177125
2.659961213780516 83941843.78404108 83941843.7840409 83941845.76608124 83941843.89357705
2.660873830709559 83970588.42728077 83970588.42728066 83970589.02252164 83970588.48566632
2.661786447638604 83999329.02064666 83999329.02064662 83999327.98758434 83999329.01872262
2.662699064567648 84028065.2592648 84028065.25926483 84028062.31725316 84028065.18701425
2.663611681496691 84056796.86512929 84056796.86512941 84056791.69439802 84056796.71198981
2.664524298425736 84085523.62355776 84085523.62355798 84085515.87159377 84085523.37898482
2.66543691535478 84114245.43569693 84114245.43569724 84114234.73462041 84114245.09003094
2.666349532283824 84142962.38708243 84142962.38708287 84142948.38703819 84142961.93270132
2.667262149212868 84171674.82512139 84171674.82512198 84171657.24584161 84171674.25770038
2.668174766141912 84200383.42673174 84200383.42673247 84200362.12141123 84200382.7462168
2.669087383070956 84229089.22538005 84229089.22538091 84229064.23985316 84229088.43623163
2.67 84257793.56517375 84257793.56517474 84257765.16854289 84257792.67581019
2.670912616929044 84286497.97008602 84286497.97008714 84286466.63839294 84286496.99198863
2.671825233858088 84315203.95578681 84315203.95578799 84315170.3087755 84315202.90274626
2.672737850787132 84343912.84424977 84343912.84425105 84343877.55652522 84343911.73171812
2.673650467716176 84372625.63963231 84372625.63963363 84372589.35657294 84372624.4838594
2.67456308464522 84401342.98939027 84401342.98939158 84401306.26975249 84401341.80629064
2.675475701574264 84430065.21606293 84430065.21606424 84430028.5066746 84430064.02010697
2.676388318503308 84458792.38678452 84458792.38678584 84458756.02234614 84458791.19023375
2.677300935432352 84487524.39055631 84487524.39055757 84487488.60766865 84487523.20315616
2.678213552361396 84516261.00560319 84516261.00560446 84516225.96199119 84516259.834655
2.67912616929044 84545001.95046915 84545001.95047036 84544967.74393502 84545000.80112824
2.680038786219484 84573746.91924441 84573746.9192456 84573713.60386994 84573745.79490802
2.680951403148528 84602495.60405189 84602495.60405304 84602463.20299926 84602494.50674656
2.681864020077573 84631247.70834507 84631247.70834617 84631216.22349522 84631246.63906838
2.682776637006616 84660002.9540284 84660002.95402946 84659972.37301573 84660001.91302943
2.68368925393566 84688761.08463889 84688761.08463997 84688731.385878 84688760.07163799
2.684601870864705 84717521.86613405 84717521.86613506 84717493.02235541 84717520.88048933
2.685514487793748 84746285.08630107 84746285.08630209 84746257.06700665 84746284.12713256
2.686427104722792 84775050.55343275 84775050.5534337 84775023.32657963 84775049.61971243
2.687339721651837 84803818.09466439 84803818.09466533 84803791.62780325 84803817.18528132
2.688252338580881 84832587.554208 84832587.5542089 84832561.81523821 84832586.6680142
2.689164955509925 84861358.79161729 84861358.79161817 84861333.74927495 84861357.92745976
2.690077572438969 84890131.68015467 84890131.68015553 84890107.30431475 84890130.83689731
2.690990189368013 84918906.10529393 84918906.10529478 84918882.36714441 84918905.28183207
2.691902806297057 84947681.96336934 84947681.96337017 84947658.83549748 84947681.15863895
2.692815423226101 84976459.16036978 84976459.16037059 84976436.61678919 84976458.37335302
2.693728040155145 85005237.61086965 85005237.61087044 85005215.62700768 85005236.84059767
3.145859342915811 99276148.11190875 99276148.11190829 99276159.89198734 99276148.30927972
3.146771959844855 99304927.7874262 99304927.78742576 99304939.39285293 99304927.98723768
3.147684576773899 99333706.29041229 99333706.29041184 99333717.69506007 99333706.49217282
3.148597193702943 99362483.54339145 99362483.54339102 99362494.71751264 99362483.74652921
3.149509810631987 99391259.46128462 99391259.46128422 99391270.37090507 99391259.66513394
3.150422427561031 99420033.95047027 99420033.95046988 99420044.5566638 99420034.15425584
3.151335044490075 99448806.90772077 99448806.9077204 99448817.16573779 99448807.11053915
3.152247661419119 99477578.21900269 99477578.21900234 99477588.07722043 99477578.41980053
3.153160278348163 99506347.75813223 99506347.75813188 99506357.15678632 99506347.95568091
3.154072895277208 99535115.38528401 99535115.38528369 99535124.25493334 99535115.57815026
3.154985512206252 99563880.94536336 99563880.94536306 99563889.20502941 99563881.13187563
3.155898129135295 99592644.26627463 99592644.26627436 99592651.82118762 99592644.44448537
3.15681074606434 99621405.15715437 99621405.15715414 99621411.89602862 99621405.32479899
3.157723362993384 99650163.40669999 99650163.40669979 99650169.19845873 99650163.56115417
3.158635979922428 99678918.78182408 99678918.78182395 99678923.47170173 99678918.92006329
3.159548596851472 99707671.02702124 99707671.02702117 99707674.43200648 99707671.14558865
3.160461213780516 99736419.86507881 99736419.86507881 99736421.76874904 99736419.96007241
3.16137383070956 99765165.00012819 99765165.00012827 99765165.14710809 99765165.06722307
3.162286447638604 99793906.12455551 99793906.12455565 99793904.21518779 99793906.15908356
3.163199064567648 99822642.93197741 99822642.93197764 99822638.61843556 99822642.92909218
3.164111681496692 99851375.1392618 99851375.13926215 99851368.02540316 99851375.0942145
3.165024298425736 99880102.5211347 99880102.52113518 99880092.16995825 99880102.4296737
3.16593691535478 99908824.960555 99908824.96055563 99908810.9148735 99908824.81942451
3.166849532283824 99937542.5154383 99937542.51543914 99937524.33800425 99937542.32288395
3.167762149212868 99966255.49577375 99966255.49577476 99966232.83198282 99966255.2518661
3.168674766141912 99994964.53401232 99994964.53401354 99994937.1909904 99994964.24053134
3.169587383070956 100023670.6191924 100023670.6191938 100023638.6413898 100023670.2789427
3.1705 100052375.0616125 100052375.061614 100052338.7734656 100052374.6774887
3.171412616929044 100081079.3721897 100081079.3721914 100081039.3631916 100081078.9467233
3.172325233858088 100109785.0786547 100109785.0786566 100109742.127915 100109784.6144837
3.173237850787132 100138493.5361251 100138493.536127 100138448.5009826 100138493.0369652
3.174150467716176 100167205.792987 100167205.7929891 100167159.5001321 100167205.2642321
3.17506308464522 100195922.541347 100195922.5413491 100195875.7102343 100195921.9898562
3.175975701574264 100224644.1415448 100224644.1415469 100224597.3490156 100224643.5748465
3.176888318503309 100253370.6887513 100253370.6887534 100253324.3669479 100253370.1141541
3.177800935432352 100282102.0905127 100282102.0905147 100282056.5441741 100282101.5144602
3.178713552361396 100310838.1359113 100310838.1359133 100310793.567067 100310837.5636693
3.179626169290441 100339578.5487968 100339578.5487987 100339535.0814367 100339577.9844053
3.180538786219484 100368323.0248798 100368323.0248817 100368280.7261582 100368322.4712641
3.181451403148528 100397071.2556329 100397071.2556347 100397030.1526484 100397070.7147826
3.182364020077573 100425822.9425709 100425822.9425726 100425783.0349947 100425822.4157324
3.183276637006617 100454577.8050148 100454577.8050165 100454539.0742894 100454577.2928659
3.18418925393566 100483335.5836745 100483335.5836762 100483297.9995661 100483335.0864712
3.185101870864705 100512096.0416738 100512096.0416754 100512059.5668631 100512095.5593678
3.186014487793749 100540858.964093 100540858.9640946 100540823.5573466 100540858.4964219
3.186927104722793 100569624.1567113 100569624.1567128 100569589.7750431 100569623.703267
3.187839721651837 100598391.4443707 100598391.4443722 100598358.0444923 100598391.0046505
3.188752338580881 100627160.6692149 100627160.6692163 100627128.2084873 100627160.242658
3.189664955509925 100655931.6889444 100655931.6889458 100655900.1259852 100655931.2749591
3.190577572438969 100684704.3751687 100684704.3751701 100684673.67022 100684703.9731518
3.191490189368013 100713478.6118906 100713478.611892 100713448.7270234 100713478.2212402
3.192402806297057 100742254.2941366 100742254.2941379 100742225.1933441 100742253.9142618
3.193315423226101 100771031.3267331 100771031.3267343 100771002.9759494 100771030.9570601
3.194228040155145 100799809.6232201 100799809.6232214 100799781.9902902 100799809.2631963
3.646359342915811 115070720.179857 115070720.1798565 115070733.9958861 115070720.0681609
3.647271959844855 115099499.9991346 115099499.9991341 115099513.5853182 115099499.8927705
3.648184576773899 115128278.6551894 115128278.6551889 115128291.979344 115128278.5545406
3.649097193702943 115157056.0714471 115157056.0714466 115157069.097014 115157055.9769422
3.650009810631987 115185832.1638404 115185832.1638399 115185844.8491626 115185832.0759605
3.650922427561031 115214606.8398848 115214606.8398843 115214619.1373425 115214606.7591735
3.651835044490075 115243379.9976318 115243379.9976314 115243391.8526056 115243379.9247059
3.652747661419119 115272151.5244867 115272151.5244863 115272162.8741108 115272151.4600509
3.653660278348163 115300921.2958824 115300921.295882 115300932.0675416 115300921.2407475
3.654572895277207 115329689.1738071 115329689.1738067 115329699.2833193 115329689.1289127
3.655485512206251 115358455.0051918 115358455.0051915 115358464.3546105 115358454.9716363
3.656398129135295 115387218.6201898 115387218.6201895 115387227.0951454 115387218.5992686
3.657310746064339 115415979.8304076 115415979.8304074 115415987.2969003 115415979.8236639
3.658223362993383 115444738.4272118 115444738.4272117 115444744.727761 115444738.4365032
3.659135979922427 115473494.1803246 115473494.1803245 115473499.1293926 115473494.207911
3.660048596851472 115502246.8370712 115502246.8370712 115502250.2157192 115502246.8857314
3.660961213780515 115530996.1228741 115530996.1228741 115530997.6727055 115530996.1960579
3.661873830709559 115559741.7439366 115559741.7439368 115559741.1605944 115559741.8459591
3.662786447638604 115588483.3935583 115588483.3935586 115588480.3204473 115588483.5298361
3.663699064567647 115617220.764194 115617220.7641944 115617214.7878351 115617220.9415076
3.664611681496691 115645953.5681402 115645953.5681407 115645944.2177899 115645953.7948713
3.665524298425736 115674681.5703509 115674681.5703516 115674668.3263301 115674681.8565796
3.66643691535478 115703404.6366994 115703404.6367003 115703386.9539441 115703404.993962
3.667349532283824 115732122.7987817 115732122.7987829 115732100.1530331 115732123.2392064
3.668262149212868 115760836.3303971 115760836.3303985 115760808.29124 115760836.8649524
3.669174766141912 115789545.8201985 115789545.8202002 115789512.1448172 115789546.4560169
3.670087383070956 115818252.2123334 115818252.2123353 115818212.9378495 115818252.9496327
3.671 115846956.7813934 115846956.7813956 115846912.2811331 115846957.6112532
3.671912616929044 115875661.0222463 115875661.0222487 115875611.9946267 115875661.926758
3.672825233858088 115904366.4715554 115904366.4715579 115904313.8545032 115904367.426895
3.673737850787132 115933074.5153514 115933074.515354 115933019.3529024 115933075.4965495
3.674650467716176 115961786.2454094 115961786.2454121 115961729.5528503 115961787.2306349
3.67556308464522 115990502.3988567 115990502.3988594 115990445.0648971 115990503.3717305
3.676475701574264 116019223.3748814 116019223.3748841 116019166.114364 116019224.3247503
3.677388318503308 116047949.2979098 116047949.2979126 116047892.6467668 116047950.2188813
3.678300935432352 116076680.0951156 116076680.0951183 116076624.4306196 116076680.9847043
3.679213552361396 116105415.5672685 116105415.5672711 116105361.1383664 116105416.4251683
3.68012616929044 116134155.4441004 116134155.444103 116134102.4021752 116134156.2712645
3.681038786219484 116162899.4233141 116162899.4233166 116162847.8487886 116162900.2213403
3.681951403148528 116191647.195954 116191647.1959565 116191597.119393 116191647.9667063
3.682864020077572 116220398.4617183 116220398.4617206 116220349.8797072 116220399.207109
3.683776637006616 116249152.9374019 116249152.9374042 116249105.8240948 116249153.6592752
3.68468925393566 116277910.3609053 116277910.3609075 116277864.6762275 116277911.0609812
3.685601870864704 116306670.4925138 116306670.492516 116306626.1878876 116306671.1723672
3.686514487793748 116335433.1145835 116335433.1145857 116335390.1368641 116335433.7756417
3.687427104722792 116364198.0303567 116364198.0303587 116364156.3244996 116364198.6739063
3.688339721651837 116392965.0623572 116392965.0623592 116392924.5731937 116392965.689556
3.68925233858088 116421734.0506347 116421734.0506366 116421694.7240269 116421734.6625243
3.690164955509925 116450504.8510129 116450504.8510148 116450466.6345792 116450505.4485316
3.691077572438969 116479277.3334266 116479277.3334285 116479240.176973 116479277.9174212
3.691990189368012 116508051.3803877 116508051.3803895 116508015.2361374 116508051.9516243
3.692902806297057 116536826.8855973 116536826.8855991 116536791.7082856 116536827.444771
3.693815423226101 116565603.7527036 116565603.7527054 116565569.4995826 116565604.3004467
3.694728040155145 116594381.8941989 116594381.8942006 116594348.5249838 116594382.4310883
4.147359342915812 130881060.3447046 130881060.3447041 130881076.0491371 130881059.9314548
4.148271959844855 130909839.6797769 130909839.6797763 130909855.0666103 130909839.2742407
4.1491845767739 130938617.8199863 130938617.8199858 130938632.8468652 130938617.4229125
4.150097193702944 130967394.6856831 130967394.6856826 130967409.304493 130967394.2978976
4.151009810631987 130996170.1893462 130996170.1893457 130996184.3452584 130996169.8117637
4.151922427561032 131024944.2346088 131024944.2346083 131024957.8649368 131024943.8682458
4.152835044490076 131053716.7151546 131053716.7151543 131053729.7479847 131053716.3611464
4.15374766141912 131082487.5134763 131082487.5134759 131082499.866018 131082487.1730962
4.154660278348164 131111256.4994864 131111256.499486 131111268.0760858 131111256.1741707
4.155572895277208 131140023.5289834 131140023.5289831 131140034.2187234 131140023.2203616
4.156485512206252 131168788.4419885 131168788.4419883 131168798.1157897 131168788.151921
4.157398129135296 131197551.0609936 131197551.0609934 131197559.5681167 131197550.7916201
4.15831074606434 131226311.1892047 131226311.1892046 131226318.3530461 131226310.9430051
4.159223362993384 131255068.6089382 131255068.6089382 131255074.222012 131255068.3888103
4.160135979922428 131283823.0804366 131283823.0804366 131283826.8984666 131283822.8897958
4.161048596851472 131312574.3415547 131312574.3415548 131312576.0766759 131312574.1844611
4.161961213780517 131341322.1090427 131341322.109043 131341321.4222856 131341321.9903582
4.16287383070956 131370066.0825587 131370066.0825591 131370062.5761414 131370066.008135
4.163786447638604 131398805.9531189 131398805.9531195 131398799.1637243 131398805.9300053
4.164699064567649 131427541.4184225 131427541.4184232 131427530.8137726 131427541.4550532
4.165611681496692 131456272.2082392 131456272.2082401 131456257.1910817 131456272.314518
4.166524298425736 131484998.1234432 131484998.1234442 131484978.0494611 131484998.310568
4.167436915354781 131513719.0914064 131513719.0914078 131513693.3096719 131513719.3712028
4.168349532283824 131542435.2368747 131542435.2368763 131542403.1607452 131542435.6203776
4.169262149212869 131571146.9594843 131571146.9594862 131571108.1683577 131571147.4546399
4.170174766141913 131599854.9969093 131599854.9969116 131599809.3531222 131599855.6056624
4.171087383070956 131628560.4414864 131628560.4414891 131628508.1875525 131628561.1571836
4.172000000000001 131657264.6796956 131657264.6796985 131657206.4726981 131657265.4862774
4.172912616929045 131685969.2484137 131685969.2484168 131685906.1036081 131685970.1224909
4.173825233858088 131714675.6424313 131714675.6424346 131714608.7956784 131714676.5577833
4.174737850787133 131743385.1360121 131743385.1360155 131743315.8720841 131743386.0685057
4.175650467716177 131772098.672834 131772098.6728375 131772028.1762923 131772099.6037293
4.17656308464522 131800816.8410572 131800816.8410607 131800746.1043972 131800817.7579963
4.177475701574265 131829539.9140488 131829539.9140523 131829469.7060296 131829540.8103108
4.178388318503309 131858267.9230706 131858267.9230741 131858198.8000543 131858268.796085
4.179300935432352 131887000.733762 131887000.7337654 131886933.072924 131887001.5836178
4.180213552361397 131915738.1109273 131915738.1109306 131915672.1494353 131915738.9392079
4.181126169290441 131944479.7667773 131944479.7667804 131944415.6380945 131944480.5757707
4.182038786219485 131973225.393725 131973225.3937281 131973163.1575142 131973226.1859427
4.182951403148529 132001974.6850573 132001974.6850604 132001914.3501855 132001975.4629657
4.183864020077573 132030727.3469827 132030727.3469856 132030668.8884714 132030728.1128699
4.184776637006618 132059483.1049394 132059483.1049422 132059426.4760966 132059483.8608607
4.185689253935661 132088241.7062735 132088241.7062763 132088186.8471978 132088242.4540407
4.186601870864705 132117002.9207305 132117002.9207332 132116949.7641729 132117003.6619231
4.18751448779375 132145766.5397006 132145766.5397032 132145715.0150418 132145767.2756867
4.188427104722793 132174532.3748134 132174532.374816 132174482.4107165 132174533.1067744
4.189339721651837 132203300.2562435 132203300.256246 132203251.7823841 132203300.9851981
4.190252338580882 132232070.0309422 132232070.0309446 132232022.9791015 132232070.7577686
4.191164955509925 132260841.5609156 132260841.5609181 132260795.8656368 132260842.2863716
4.192077572438969 132289614.7216136 132289614.7216159 132289570.3205605 132289615.4463535
4.192990189368014 132318389.4004561 132318389.4004584 132318346.2345731 132318390.1250459
4.193902806297057 132347165.4955081 132347165.4955103 132347123.5090465 132347166.2204376
4.194815423226101 132375942.9142974 132375942.9142996 132375902.0547559 132375943.6399916
4.195728040155146 132404721.5727675 132404721.5727696 132404681.7907793 132404722.299595
4.647859342915812 146675632.7451933 146675632.7451926 146675651.3520688 146675632.9616269
4.648771959844855 146704412.2193412 146704412.2193405 146704430.408946 146704412.4283012
4.649684576773899 146733190.5077092 146733190.5077085 146733208.2275049 146733190.7087649
4.650597193702944 146761967.531533 146761967.5315323 146761984.7219714 146761967.7241872
4.651509810631987 146790743.2042861 146790743.2042855 146790759.7976602 146790743.3879636
4.652422427561032 146819517.4307197 146819517.4307191 146819533.3497922 146819517.604753
4.653335044490076 146848290.1057753 146848290.1057748 146848305.2621367 146848290.2693885
4.654247661419119 146877061.1133599 146877061.1133594 146877075.4054569 146877061.2656488
4.655160278348164 146905830.3249749 146905830.3249744 146905843.6357375 146905830.4648839
4.656072895277208 146934597.5981991 146934597.5981987 146934609.7921807 146934597.7244946
4.656985512206251 146963362.7750393 146963362.775039 146963373.6949681 146963362.8862781
4.657898129135296 146992125.6801853 146992125.680185 146992135.1428101 146992125.7746793
4.65881074606434 147020886.1192477 147020886.1192475 147020893.910353 147020886.1950241
4.659723362993383 147049643.8771237 147049643.8771237 147049649.7455901 147049643.9318828
4.660635979922428 147078398.7167428 147078398.7167428 147078402.3675629 147078398.7478154
4.661548596851472 147107150.3786169 147107150.3786171 147107151.4648664 147107150.3829257
4.662461213780516 147135898.5818799 147135898.5818802 147135896.6958454 147135898.5559132
4.66337383070956 147164643.0278949 147164643.0278954 147164637.6919649 147164642.9677027
4.664286447638604 147193383.4080582 147193383.4080588 147193374.066737 147193383.3092857
4.665199064567648 147222119.4181414 147222119.4181423 147222105.433861 147222119.2761178
4.666111681496692 147250850.7822832 147250850.7822843 147250831.4397739 147250850.5921788
4.667024298425736 147279577.2902038 147279577.2902052 147279551.8169972 147279577.0472611
4.667936915354781 147308298.8505754 147308298.8505771 147308266.4637828 147308298.5503978
4.668849532283824 147337015.5603047 147337015.5603068 147336975.5493242 147337015.1991465
4.669762149212868 147365727.7821032 147365727.7821057 147365679.628801 147365727.3570549
4.670674766141913 147394436.2109093 147394436.2109121 147394379.7304505 147394435.7198746
4.671587383070956 147423141.8979478 147423141.897951 147423077.360383 147423141.3394972
4.6725 147451846.2005105 147451846.2005141 147451774.3808614 147451845.5740155
4.673412616929045 147480550.6472034 147480550.6472072 147480472.7666866 147480549.9536571
4.674325233858088 147509256.7482545 147509256.7482585 147509174.3129908 147509255.9915465
4.675237850787132 147537965.8119659 147537965.8119701 147537880.403196 147537964.9997221
4.676150467716177 147566678.8246896 147566678.8246938 147566591.9109011 147566677.9679654
4.67706308464522 147595396.4161511 147595396.4161553 147595309.2335413 147595395.5280936
4.677975701574264 147624118.8940178 147624118.894022 147624032.4022729 147624117.9881897
4.678888318503309 147652846.3144657 147652846.3144698 147652761.2079984 147652845.4034709
4.679800935432352 147681578.5592844 147681578.5592885 147681495.3075196 147681577.653962
4.680713552361397 147710315.4024963 147710315.4025002 147710234.2987005 147710314.5116358
4.681626169290441 147739056.5606048 147739056.5606086 147738977.7675971 147739055.6910113
4.682538786219484 147767801.7270909 147767801.7270946 147767725.3150533 147767800.8838283
4.683451403148529 147796550.5943484 147796550.594352 147796476.5699458 147796549.7810435
4.684364020077573 147825302.8666002 147825302.8666037 147825231.194418 147825302.0857401
4.685276637006617 147854058.2667695 147854058.2667729 147853988.8846236 147854057.5199619
4.686189253935661 147882816.5395057 147882816.5395091 147882749.3691387 147882815.8276932
4.687101870864705 147911577.4518804 147911577.4518837 147911512.406302 147911576.7755104
4.688014487793749 147940340.7927453 147940340.7927485 147940277.7811862 147940340.1519011
4.688927104722793 147969106.3713816 147969106.3713847 147969045.3025742 147969105.7658834
4.689839721651837 147997874.0158269 147997874.0158299 147997814.8001254 147997873.4453067
4.690752338580881 148026643.5711076 148026643.5711105 148026586.1218102 148026643.0350662
4.691664955509925 148055414.8975073 148055414.8975102 148055359.1316344 148055414.3953565
4.692577572438969 148084187.8689401 148084187.8689429 148084133.7076446 148084187.4000337
4.693490189368013 148112962.37146 148112962.3714627 148112909.7401912 148112961.935117
4.694402806297057 148141738.3019172 148141738.3019198 148141687.1304244 148141737.8974388
4.695315423226101 148170515.56676 148170515.5667625 148170465.788992 148170515.1934415
4.696228040155146 148199294.0809713 148199294.0809738 148199245.6349123 148199293.7381117
