-9.000000000000002 4492952.374910688 4492952.374910689 4492952.363894057 4492952.376455761
-8.981981981981985 4494508.048018329 4494508.048018329 4494508.036978608 4494508.049535774
-8.963963963963966 4496063.7178519 4496063.7178519 4496063.706789006 4496063.719341577
-8.945945945945949 4497619.384400441 4497619.384400441 4497619.373314282 4497619.385862214
-8.927927927927932 4499175.04765294 4499175.047652939 4499175.036543429 4499175.04908668
-8.909909909909915 4500730.707598328 4500730.707598328 4500730.696465376 4500730.709003914
-8.891891891891888 4502286.364225485 4502286.364225484 4502286.353069002 4502286.3656028
-8.873873873873871 4503842.017523232 4503842.017523232 4503842.006343128 4503842.01887217
-8.855855855855852 4505397.667480341 4505397.66748034 4505397.656276526 4505397.668800797
-8.837837837837835 4506953.314085524 4506953.314085524 4506953.302857909 4506953.315377405
-8.819819819819818 4508508.95732744 4508508.957327439 4508508.946075932 4508508.958590657
-8.801801801801801 4510064.597194692 4510064.597194691 4510064.5859192 4510064.598429162
-8.783783783783784 4511620.233675826 4511620.233675826 4511620.222376257 4511620.234881474
-8.765765765765765 4513175.866759331 4513175.866759332 4513175.855435595 4513175.867936089
-8.747747747747749 4514731.496433641 4514731.496433642 4514731.485085643 4514731.497581445
-8.729729729729732 4516287.122687132 4516287.122687133 4516287.111314779 4516287.123805926
-8.711711711711715 4517842.74550812 4517842.745508121 4517842.734111318 4517842.746597855
-8.693693693693696 4519398.364884866 4519398.364884867 4519398.35346352 4519398.3659455
-8.675675675675679 4520953.980805573 4520953.980805574 4520953.969359589 4520953.98183707
-8.657657657657662 4522509.593258383 4522509.593258383 4522509.581787665 4522509.59426071
-8.639639639639645 4524065.202231381 4524065.202231381 4524065.190735834 4524065.203204516
-8.621621621621617 4525620.80771259 4525620.807712591 4525620.796192119 4525620.808656518
-8.603603603603601 4527176.409689976 4527176.409689976 4527176.398144483 4527176.410604686
-8.585585585585582 4528732.008151442 4528732.008151442 4528731.99658083 4528732.009036928
-8.567567567567565 4530287.603084834 4530287.603084835 4530287.591489008 4530287.603941101
-8.549549549549548 4531843.194477935 4531843.194477934 4531843.182856792 4531843.195304988
-8.531531531531531 4533398.782318467 4533398.782318467 4533398.770671912 4533398.783116323
-8.513513513513512 4534954.366594089 4534954.366594088 4534954.354922021 4534954.367362767
-8.495495495495495 4536509.947292401 4536509.9472924 4536509.935594721 4536509.948031928
-8.477477477477478 4538065.524400938 4538065.524400936 4538065.512677547 4538065.525111348
-8.459459459459461 4539621.097907173 4539621.097907171 4539621.086157968 4539621.098588506
-8.441441441441444 4541176.667798515 4541176.667798515 4541176.656023398 4541176.668450819
-8.423423423423426 4542732.234062311 4542732.234062309 4542732.222261177 4542732.234685634
-8.405405405405409 4544287.796685843 4544287.796685843 4544287.784858595 4544287.797280245
-8.387387387387392 4545843.355656328 4545843.355656326 4545843.343802858 4545843.356221872
-8.369369369369375 4547398.91096092 4547398.910960918 4547398.899081128 4547398.911497679
-8.351351351351347 4548954.462586707 4548954.462586706 4548954.45068049 4548954.463094755
-8.33333333333333 4550510.010520708 4550510.010520705 4550509.99858796 4550510.011000128
-8.315315315315312 4552065.55474988 4552065.554749879 4552065.5427905 4552065.555200762
-8.297297297297295 4553621.095261115 4553621.095261113 4553621.083274995 4553621.095683548
-8.279279279279278 4555176.632041233 4555176.632041231 4555176.620028268 4555176.63243532
-8.261261261261261 4556732.165076988 4556732.165076987 4556732.153037074 4556732.165442837
-8.243243243243242 4558287.694355071 4558287.69435507 4558287.6822881 4558287.694692793
-8.225225225225225 4559843.219862099 4559843.219862097 4559843.207767963 4559843.220171811
-8.207207207207208 4561398.741584621 4561398.74158462 4561398.729463215 4561398.741866448
-8.189189189189191 4562954.259509124 4562954.259509122 4562954.247360338 4562954.259763193
-8.171171171171174 4564509.773622015 4564509.773622014 4564509.76144574 4564509.773848462
-8.153153153153156 4566065.283909638 4566065.283909637 4566065.271705766 4566065.284108604
-8.135135135135139 4567620.790358266 4567620.790358264 4567620.778126686 4567620.790529897
-8.117117117117111 4569176.292954099 4569176.292954098 4569176.280694703 4569176.293098548
-8.099099099099105 4570731.791683266 4570731.791683267 4570731.779395944 4570731.791800692
-8.081081081081077 4572287.286531826 4572287.286531825 4572287.274216462 4572287.286622389
-8.063063063063069 4573842.777485766 4573842.777485766 4573842.765142253 4573842.777549637
-8.045045045045041 4575398.264531 4575398.264530999 4575398.252159222 4575398.264568352
-8.027027027027025 4576953.747653365 4576953.747653365 4576953.735253212 4576953.747664379
-8.009009009009008 4578509.226838629 4578509.226838628 4578509.214409986 4578509.226823489
-7.99099099099099 4580064.702072486 4580064.702072485 4580064.689615241 4580064.702031383
-7.972972972972973 4581620.173340554 4581620.173340554 4581620.16085459 4581620.173273686
-7.954954954954955 4583175.640628377 4583175.640628376 4583175.62811358 4583175.640535942
-7.936936936936938 4584731.103921421 4584731.10392142 4584731.091377676 4584731.103803627
-7.91891891891892 4586286.563205078 4586286.563205077 4586286.550632269 4586286.563062139
-7.900900900900903 4587842.018464666 4587842.018464665 4587842.005862676 4587842.018296797
-7.882882882882886 4589397.469685423 4589397.469685423 4589397.457054135 4589397.469492845
-7.864864864864868 4590952.91685251 4590952.916852509 4590952.904191805 4590952.91663545
-7.846846846846852 4592508.359951011 4592508.359951012 4592508.347260773 4592508.359709704
-7.828828828828834 4594063.79896593 4594063.79896593 4594063.786246039 4594063.798700612
-7.810810810810806 4595619.233882196 4595619.233882196 4595619.221132532 4595619.233593107
-7.792792792792789 4597174.664684653 4597174.664684654 4597174.651905099 4597174.664372044
-7.774774774774771 4598730.09135807 4598730.09135807 4598730.078548502 4598730.09102219
-7.756756756756754 4600285.513887133 4600285.513887133 4600285.501047431 4600285.51352824
-7.738738738738737 4601840.932256449 4601840.93225645 4601840.919386493 4601840.931874806
-7.72072072072072 4603396.346450541 4603396.346450542 4603396.333550208 4603396.346046414
-7.702702702702703 4604951.756453853 4604951.756453854 4604951.743523021 4604951.756027514
-7.684684684684685 4606507.162250746 4606507.162250747 4606507.14928929 4606507.161802468
-7.666666666666668 4608062.563825496 4608062.563825496 4608062.550833292 4608062.563355559
-7.64864864864865 4609617.961162296 4609617.961162296 4609617.948139221 4609617.960670988
-7.630630630630633 4611173.354245257 4611173.354245257 4611173.341191185 4611173.353732866
-7.612612612612615 4612728.743058402 4612728.743058402 4612728.729973209 4612728.742525226
-7.594594594594598 4614284.127585675 4614284.127585675 4614284.114469233 4614284.127032006
-7.576576576576581 4615839.507810927 4615839.507810927 4615839.49466311 4615839.50723707
-7.558558558558564 4617394.883717928 4617394.883717929 4617394.870538609 4617394.883124192
-7.540540540540536 4618950.255290361 4618950.255290362 4618950.242079411 4618950.254677056
-7.522522522522519 4620505.622511816 4620505.622511818 4620505.609269109 4620505.621879258
-7.504504504504501 4622060.985365802 4622060.985365802 4622060.972091206 4622060.984714309
-7.486486486486484 4623616.343835738 4623616.343835739 4623616.330529125 4623616.343165634
-7.468468468468466 4625171.697904949 4625171.69790495 4625171.68456619 4625171.697216566
-7.450450450450449 4626727.047556679 4626727.047556682 4626727.034185643 4626727.046850344
-7.432432432432432 4628282.392774073 4628282.392774076 4628282.379370629 4628282.392050125
-7.414414414414415 4629837.733540193 4629837.733540195 4629837.720104208 4629837.732798968
-7.396396396396398 4631393.069838005 4631393.069838007 4631393.056369347 4631393.069079848
-7.37837837837838 4632948.401650385 4632948.401650388 4632948.388148921 4632948.400875643
-7.360360360360363 4634503.728960115 4634503.728960115 4634503.715425709 4634503.728169139
-7.342342342342345 4636059.051749884 4636059.051749886 4636059.038182407 4636059.05094303
-7.324324324324328 4637614.370002292 4637614.370002294 4637614.356401606 4637614.369179915
-7.306306306306301 4639169.683699839 4639169.683699842 4639169.67006581 4639169.682862302
-7.288288288288293 4640724.992824931 4640724.992824932 4640724.979157421 4640724.991972596
-7.270270270270266 4642280.297359881 4642280.297359882 4642280.283658755 4642280.29649312
-7.252252252252249 4643835.597286904 4643835.597286905 4643835.583552024 4643835.596406086
-7.234234234234231 4645390.89258812 4645390.892588121 4645390.87881935 4645390.891693622
-7.216216216216214 4646946.183245551 4646946.183245552 4646946.169442752 4646946.18233775
-7.198198198198196 4648501.469241121 4648501.469241122 4648501.455404156 4648501.468320397
-7.180180180180179 4650056.750556654 4650056.750556655 4650056.736685383 4650056.749623392
-7.162162162162161 4651612.02717388 4651612.02717388 4651612.013268161 4651612.026228463
-7.144144144144144 4653167.29907442 4653167.29907442 4653167.285134114 4653167.298117244
-7.126126126126128 4654722.566239803 4654722.566239803 4654722.55226477 4654722.565271258
-7.10810810810811 4656277.828651455 4656277.828651455 4656277.814641553 4656277.827671938
-7.090090090090093 4657833.086290698 4657833.086290698 4657833.072245785 4657833.085300606
-7.072072072072075 4659388.339138756 4659388.339138757 4659388.325058688 4659388.338138488
-7.054054054054058 4660943.587176742 4660943.587176743 4660943.573061378 4660943.586166701
-7.03603603603603 4662498.830385675 4662498.830385675 4662498.816234868 4662498.829366268
-7.018018018018023 4664054.06874646 4664054.068746461 4664054.05456007 4664054.067718097
-6.999999999999996 4665609.302239907 4665609.302239908 4665609.288017786 4665609.301202997
-6.981981981981979 4667164.530846714 4667164.530846715 4667164.516588718 4667164.529801669
-6.963963963963961 4668719.754547473 4668719.754547475 4668719.740253457 4668719.753494709
-6.945945945945944 4670274.973322672 4670274.973322673 4670274.958992488 4670274.972262604
-6.927927927927926 4671830.187152689 4671830.187152692 4671830.17278619 4671830.18608574
-6.909909909909909 4673385.396017794 4673385.396017796 4673385.381614833 4673385.394944381
-6.891891891891891 4674940.599898149 4674940.59989815 4674940.585458576 4674940.598818692
-6.873873873873874 4676495.798773804 4676495.798773806 4676495.784297472 4676495.797688733
-6.855855855855857 4678050.992624703 4678050.992624706 4678050.978111465 4678050.991534443
-6.837837837837839 4679606.181430673 4679606.181430676 4679606.166880378 4679606.18033565
-6.819819819819823 4681161.365171436 4681161.365171438 4681161.350583931 4681161.364072078
-6.801801801801805 4682716.543826596 4682716.543826597 4682716.52920173 4682716.542723333
-6.783783783783788 4684271.717375645 4684271.717375645 4684271.702713269 4684271.716268911
-6.76576576576576 4685826.885797963 4685826.885797964 4685826.871097928 4685826.884688192
-6.747747747747753 4687382.049072814 4687382.049072814 4687382.034334963 4687382.047960438
-6.729729729729725 4688937.207179347 4688937.207179348 4688937.19240353 4688937.206064801
-6.711711711711708 4690492.360096595 4690492.360096596 4690492.345282658 4690492.358980316
-6.693693693693691 4692047.507803475 4692047.507803475 4692047.492951264 4692047.506685899
-6.675675675675674 4693602.650278783 4693602.650278784 4693602.635388145 4693602.64916035
-6.657657657657656 4695157.787501204 4695157.787501205 4695157.772571983 4695157.786382349
-6.639639639639639 4696712.919449295 4696712.919449296 4696712.904481336 4696712.91833046
-6.621621621621621 4698268.0461015 4698268.0461015 4698268.031094648 4698268.044983123
-6.603603603603604 4699823.16743614 4699823.167436141 4699823.15239024 4699823.166318662
-6.585585585585586 4701378.283431417 4701378.283431418 4701378.268346311 4701378.282315277
-6.567567567567569 4702933.394065407 4702933.394065407 4702933.378940938 4702933.392951045
-6.549549549549552 4704488.499316067 4704488.499316067 4704488.484152077 4704488.498203924
-6.531531531531535 4706043.599161228 4706043.599161229 4706043.583957562 4706043.598051745
-6.513513513513518 4707598.693578599 4707598.693578601 4707598.678335098 4707598.692472218
-6.49549549549549 4709153.782545766 4709153.782545767 4709153.767262269 4709153.781442923
-6.477477477477483 4710708.86604018 4710708.866040182 4710708.85071653 4710708.864941318
-6.459459459459455 4712263.944039179 4712263.94403918 4712263.928675216 4712263.942944735
-6.441441441441437 4713819.016519961 4713819.016519963 4713819.001115525 4713819.015430376
-6.42342342342342 4715374.083459605 4715374.083459606 4715374.068014536 4715374.082375316
-6.405405405405403 4716929.144835059 4716929.14483506 4716929.129349196 4716929.143756504
-6.387387387387386 4718484.200623137 4718484.200623138 4718484.18509632 4718484.199550753
-6.369369369369369 4720039.250800529 4720039.250800529 4720039.235232597 4720039.249734749
-6.351351351351351 4721594.29534379 4721594.29534379 4721594.279734582 4721594.29428505
-6.333333333333334 4723149.334229343 4723149.334229344 4723149.318578697 4723149.333178077
-6.315315315315316 4724704.367433481 4724704.367433482 4724704.351741234 4724704.366390121
-6.297297297297299 4726259.394932361 4726259.394932362 4726259.379198351 4726259.393897338
-6.279279279279281 4727814.416702007 4727814.416702009 4727814.400926073 4727814.415675749
-6.261261261261264 4729369.432718308 4729369.432718309 4729369.416900286 4729369.431701244
-6.243243243243247 4730924.442957015 4730924.442957016 4730924.427096741 4730924.441949571
-6.22522522522522 4732479.447393747 4732479.447393747 4732479.431491057 4732479.446396344
-6.207207207207213 4734034.446003979 4734034.446003979 4734034.43005871 4734034.44501704
-6.189189189189185 4735589.438763054 4735589.438763054 4735589.422775044 4735589.437787001
-6.171171171171167 4737144.42564617 4737144.425646169 4737144.409615253 4737144.42468142
-6.15315315315315 4738699.406628392 4738699.406628391 4738699.390554405 4738699.405675359
-6.135135135135132 4740254.381684637 4740254.381684637 4740254.365567415 4740254.380743736
-6.117117117117115 4741809.350789686 4741809.350789686 4741809.334629065 4741809.349861326
-6.099099099099099 4743364.313918174 4743364.313918175 4743364.29771399 4743364.313002763
-6.081081081081081 4744919.271044596 4744919.271044597 4744919.254796684 4744919.270142538
-6.063063063063064 4746474.222143302 4746474.222143302 4746474.205851495 4746474.221254997
-6.045045045045046 4748029.167188494 4748029.167188495 4748029.150852631 4748029.166314345
-6.027027027027029 4749584.106154231 4749584.106154233 4749584.089774145 4749584.105294632
-6.009009009009011 4751139.039014429 4751139.03901443 4751139.022589955 4751139.038169771
-5.990990990990994 4752693.96574285 4752693.965742852 4752693.949273824 4752693.964913523
-5.972972972972976 4754248.886313113 4754248.886313116 4754248.86979937 4754248.885499501
-5.954954954954959 4755803.800698684 4755803.800698686 4755803.78414006 4755803.799901169
-5.936936936936942 4757358.708872885 4757358.708872886 4757358.692269212 4757358.708091841
-5.918918918918915 4758913.610808881 4758913.610808885 4758913.594159999 4758913.610044686
-5.900900900900897 4760468.506479689 4760468.506479691 4760468.48978543 4760468.50573271
-5.88288288288288 4762023.395858174 4762023.395858176 4762023.379118375 4762023.395128775
-5.864864864864862 4763578.278917045 4763578.278917047 4763578.262131541 4763578.278205588
-5.846846846846845 4765133.155628863 4765133.155628866 4765133.138797491 4765133.154935705
-5.828828828828827 4766688.025966027 4766688.02596603 4766688.009088623 4766688.025291518
-5.810810810810811 4768242.889900788 4768242.889900791 4768242.872977189 4768242.889245274
-5.792792792792794 4769797.747405232 4769797.747405235 4769797.730435275 4769797.746769057
-5.774774774774776 4771352.598451296 4771352.598451299 4771352.581434817 4771352.597834796
-5.756756756756759 4772907.443010754 4772907.443010758 4772907.425947594 4772907.44241426
-5.738738738738741 4774462.281055224 4774462.281055227 4774462.263945217 4774462.280479062
-5.720720720720724 4776017.11255616 4776017.112556164 4776017.095399148 4776017.112000654
-5.702702702702706 4777571.937484864 4777571.937484868 4777571.920280682 4777571.936950323
-5.684684684684689 4779126.755812466 4779126.75581247 4779126.738560955 4779126.755299201
-5.666666666666662 4780681.567509943 4780681.567509946 4780681.550210942 4780681.567018258
-5.648648648648645 4782236.372548102 4782236.372548106 4782236.355201452 4782236.372078294
-5.630630630630627 4783791.17089759 4783791.170897595 4783791.153503133 4783791.170449953
-5.61261261261261 4785345.962528891 4785345.962528895 4785345.945086468 4785345.962103704
-5.594594594594592 4786900.74741232 4786900.747412325 4786900.729921775 4786900.747009865
-5.576576576576575 4788455.525518029 4788455.525518033 4788455.507979201 4788455.525138575
-5.558558558558557 4790010.296815999 4790010.296816004 4790010.279228736 4790010.296459812
-5.54054054054054 4791565.061276048 4791565.061276053 4791565.043640194 4791565.060943386
-5.522522522522523 4793119.818867824 4793119.818867828 4793119.801183223 4793119.818558936
-5.504504504504506 4794674.569560803 4794674.569560808 4794674.551827303 4794674.569275934
-5.486486486486489 4796229.313324294 4796229.313324299 4796229.295541742 4796229.313063679
-5.468468468468471 4797784.050127435 4797784.050127438 4797784.032295679 4797784.049891302
-5.450450450450454 4799338.779939188 4799338.779939193 4799338.762058079 4799338.779727761
-5.432432432432436 4800893.502728349 4800893.502728354 4800893.484797736 4800893.502541837
-5.414414414414419 4802448.218463536 4802448.21846354 4802448.200483273 4802448.218302147
-5.396396396396391 4804002.927113199 4804002.927113202 4804002.909083136 4804002.926977128
-5.378378378378374 4805557.628645604 4805557.628645609 4805557.610565599 4805557.628535043
-5.360360360360357 4807112.323028849 4807112.323028853 4807112.304898756 4807112.322943977
-5.34234234234234 4808667.010230855 4808667.01023086 4808666.992050532 4808667.010171843
-5.324324324324322 4810221.690219362 4810221.690219367 4810221.671988667 4810221.690186375
-5.306306306306305 4811776.36296194 4811776.362961944 4811776.344680731 4811776.36295513
-5.288288288288287 4813331.028425971 4813331.028425976 4813331.010094114 4813331.028445486
-5.27027027027027 4814885.686578667 4814885.686578671 4814885.668196023 4814885.686624642
-5.252252252252252 4816440.337387055 4816440.337387058 4816440.318953489 4816440.337459615
-5.234234234234235 4817994.980817982 4817994.980817988 4817994.962333363 4817994.980917248
-5.216216216216218 4819549.616838116 4819549.616838121 4819549.598302312 4819549.616964194
-5.198198198198201 4821104.245413944 4821104.245413948 4821104.226826824 4821104.245566932
-5.180180180180184 4822658.866511767 4822658.866511771 4822658.847873207 4822658.866691754
-5.162162162162166 4824213.480097705 4824213.480097709 4824213.461407579 4824213.480304771
-5.144144144144149 4825768.086137698 4825768.086137702 4825768.067395883 4825768.08637191
-5.126126126126121 4827322.684597496 4827322.6845975 4827322.665803871 4827322.684858912
-5.108108108108103 4828877.275442666 4828877.275442671 4828877.256597115 4828877.275731335
-5.090090090090087 4830431.858638591 4830431.858638595 4830431.839740995 4830431.858954548
-5.07207207207207 4831986.434150469 4831986.434150473 4831986.415200718 4831986.434493742
-5.054054054054052 4833541.001943308 4833541.001943312 4833540.982941288 4833541.002313912
-5.036036036036035 4835095.561981932 4835095.561981936 4835095.542927539 4835095.562379871
-5.018018018018017 4836650.114230977 4836650.114230981 4836650.095124105 4836650.114656245
-5 4838204.658654889 4838204.658654893 4838204.639495437 4838204.659107471
-4.981981981981982 4839759.195217929 4839759.195217933 4839759.176005797 4839759.195697793
-4.963963963963965 4841313.723884166 4841313.723884171 4841313.70461926 4841313.724391274
-4.945945945945947 4842868.244617481 4842868.244617484 4842868.225299706 4842868.245151779
-4.92792792792793 4844422.757381563 4844422.757381567 4844422.738010831 4844422.757942988
-4.909909909909913 4845977.262139915 4845977.262139919 4845977.242716142 4845977.262728392
-4.891891891891896 4847531.758855848 4847531.758855851 4847531.73937895 4847531.759471288
-4.873873873873879 4849086.247492476 4849086.247492481 4849086.227962378 4849086.248134782
-4.855855855855851 4850640.728012732 4850640.728012738 4850640.708429358 4850640.72868179
-4.837837837837833 4852195.20037935 4852195.200379356 4852195.180742629 4852195.201075034
-4.819819819819816 4853749.664554874 4853749.664554879 4853749.644864739 4853749.665277049
-4.801801801801798 4855304.120501654 4855304.120501661 4855304.100758046 4855304.121250172
-4.783783783783782 4856858.568181854 4856858.568181859 4856858.548384713 4856858.568956549
-4.765765765765765 4858413.007557436 4858413.007557441 4858412.98770671 4858413.008358138
-4.747747747747747 4859967.438590178 4859967.438590183 4859967.418685817 4859967.439416696
-4.72972972972973 4861521.861241657 4861521.861241664 4861521.841283621 4861521.862093794
-4.711711711711712 4863076.275473265 4863076.275473271 4863076.255461511 4863076.276350804
-4.693693693693695 4864630.681246194 4864630.681246201 4864630.661180692 4864630.682148909
-4.675675675675677 4866185.078521446 4866185.07852145 4866185.058402165 4866185.079449098
-4.65765765765766 4867739.467259829 4867739.467259835 4867739.44708675 4867739.468212165
-4.639639639639642 4869293.84742196 4869293.847421966 4869293.827195062 4869293.84839871
-4.621621621621625 4870848.218968256 4870848.218968263 4870848.198687532 4870848.219969143
-4.603603603603598 4872402.581858952 4872402.581858957 4872402.561524391 4872402.582883679
-4.585585585585581 4873956.936054076 4873956.936054084 4873956.915665683 4873956.937102339
-4.567567567567563 4875511.281513475 4875511.281513482 4875511.261071256 4875511.28258495
-4.549549549549546 4877065.618196798 4877065.618196805 4877065.597700768 4877065.619291152
-4.531531531531528 4878619.946063501 4878619.946063509 4878619.92551368 4878619.947180385
-4.513513513513511 4880174.265072851 4880174.265072858 4880174.244469265 4880174.2662119
-4.495495495495494 4881728.575183919 4881728.575183926 4881728.554526604 4881728.576344758
-4.477477477477477 4883282.876355589 4883282.876355598 4883282.855644586 4883282.87753783
-4.45945945945946 4884837.16854655 4884837.168546557 4884837.14778191 4884837.169749784
-4.441441441441442 4886391.451715302 4886391.451715309 4886391.430897079 4886391.452939114
-4.423423423423425 4887945.725820155 4887945.725820161 4887945.704948416 4887945.727064109
-4.405405405405407 4889499.990819229 4889499.990819238 4889499.969894051 4889499.992082882
-4.38738738738739 4891054.246670456 4891054.246670462 4891054.225691915 4891054.247953342
-4.369369369369372 4892608.493331578 4892608.493331585 4892608.472299766 4892608.494633227
-4.351351351351355 4894162.73076015 4894162.730760157 4894162.709675169 4894162.732080071
-4.333333333333328 4895716.958913543 4895716.958913552 4895716.937775501 4895716.960251235
-4.315315315315321 4897271.177748936 4897271.177748946 4897271.156557951 4897271.179103881
-4.297297297297293 4898825.387223331 4898825.387223338 4898825.365979529 4898825.388594995
-4.279279279279276 4900379.587293537 4900379.587293544 4900379.565997059 4900379.588681378
-4.261261261261258 4901933.777916187 4901933.777916194 4901933.75656718 4901933.779319647
-4.243243243243241 4903487.959047729 4903487.959047737 4903487.937646352 4903487.960466235
-4.225225225225223 4905042.130644429 4905042.130644438 4905042.109190853 4905042.132077393
-4.207207207207206 4906596.292662378 4906596.292662385 4906596.271156782 4906596.294109198
-4.189189189189189 4908150.445057483 4908150.44505749 4908150.423500063 4908150.446517548
-4.171171171171172 4909704.587785479 4909704.587785486 4909704.566176436 4909704.58925816
-4.153153153153155 4911258.720801921 4911258.720801927 4911258.699141473 4911258.722286576
-4.135135135135137 4912812.844062193 4912812.8440622 4912812.82235057 4912812.845558167
-4.11711711711712 4914366.957521507 4914366.957521513 4914366.935758948 4914366.959028133
-4.099099099099102 4915921.061134903 4915921.061134911 4915921.039321666 4915921.0626515
-4.081081081081085 4917475.154857252 4917475.154857258 4917475.132993603 4917475.156383125
-4.063063063063067 4919029.238643258 4919029.238643267 4919029.216729484 4919029.240177702
-4.04504504504505 4920583.312447462 4920583.31244747 4920583.290483855 4920583.313989753
-4.027027027027023 4922137.37622424 4922137.376224249 4922137.354211113 4922137.377773648
-4.009009009009006 4923691.429927807 4923691.429927815 4923691.407865486 4923691.431483585
-3.990990990990988 4925245.473512218 4925245.473512228 4925245.451401047 4925245.475073613
-3.972972972972971 4926799.506931377 4926799.506931385 4926799.484771712 4926799.508497616
-3.954954954954953 4928353.530139026 4928353.530139036 4928353.507931241 4928353.531709329
-3.936936936936936 4929907.543088765 4929907.543088772 4929907.520833248 4929907.544662338
-3.918918918918919 4931461.545734037 4931461.545734045 4931461.523431198 4931461.547310077
-3.900900900900901 4933015.538028143 4933015.538028152 4933015.515678406 4933015.539605835
-3.882882882882884 4934569.519924241 4934569.519924249 4934569.49752805 4934569.521502758
-3.864864864864867 4936123.491375347 4936123.491375356 4936123.468933165 4936123.492953856
-3.846846846846849 4937677.452334342 4937677.45233435 4937677.429846647 4937677.453911991
-3.828828828828832 4939231.402753972 4939231.40275398 4939231.380221264 4939231.404329905
-3.810810810810815 4940785.342586851 4940785.342586858 4940785.320009651 4940785.344160205
-3.792792792792797 4942339.271785469 4942339.271785477 4942339.249164318 4942339.273355366
-3.77477477477478 4943893.190302191 4943893.190302199 4943893.167637647 4943893.191867745
-3.756756756756753 4945447.098089263 4945447.098089273 4945447.075381912 4945447.099649583
-3.738738738738735 4947000.995098813 4947000.995098822 4947000.972349257 4947000.996652994
-3.720720720720718 4948554.881282859 4948554.881282867 4948554.858491726 4948554.882829994
-3.7027027027027 4950108.756593311 4950108.75659332 4950108.733761252 4950108.758132483
-3.684684684684683 4951662.620981975 4951662.620981985 4951662.598109664 4951662.622512262
-3.666666666666666 4953216.47440056 4953216.474400569 4953216.451488693 4953216.475921028
-3.648648648648649 4954770.316800679 4954770.316800686 4954770.293849978 4954770.318310392
-3.630630630630631 4956324.148133853 4956324.14813386 4956324.125145067 4956324.149631871
-3.612612612612614 4957877.968351524 4957877.968351531 4957877.945325429 4957877.969836898
-3.594594594594597 4959431.77740505 4959431.777405055 4959431.754342443 4959431.778876826
-3.576576576576579 4960985.575245714 4960985.57524572 4960985.552147428 4960985.576702941
-3.558558558558562 4962539.361824733 4962539.36182474 4962539.338691622 4962539.363266449
-3.540540540540544 4964093.137093262 4964093.137093269 4964093.113926211 4964093.138518506
-3.522522522522527 4965646.901002393 4965646.9010024 4965646.877802317 4965646.902410198
-3.50450450450451 4967200.65350317 4967200.653503175 4967200.63027101 4967200.654892571
-3.486486486486482 4968754.394546594 4968754.394546599 4968754.371283325 4968754.395916622
-3.468468468468465 4970308.124083619 4970308.124083625 4970308.10079025 4970308.12543331
-3.450450450450448 4971861.842065175 4971861.842065181 4971861.818742741 4971861.843393557
-3.43243243243243 4973415.54844216 4973415.548442165 4973415.525091733 4973415.549748269
-3.414414414414413 4974969.243165459 4974969.243165464 4974969.219788142 4974969.244448327
-3.396396396396395 4976522.926185939 4976522.926185944 4976522.902782871 4976522.927444603
-3.378378378378378 4978076.597454468 4978076.597454473 4978076.574026824 4978076.598687969
-3.360360360360361 4979630.256921914 4979630.25692192 4979630.233470902 4979630.258129296
-3.342342342342344 4981183.904539158 4981183.904539162 4981183.881066024 4981183.905719466
-3.324324324324326 4982737.5402571 4982737.540257104 4982737.516763128 4982737.541409388
-3.306306306306309 4984291.164026665 4984291.16402667 4984291.140513178 4984291.165149996
-3.288288288288292 4985844.775798818 4985844.775798822 4985844.752267175 4985844.776892256
-3.270270270270274 4987398.375524567 4987398.375524572 4987398.35197617 4987398.376587187
-3.252252252252257 4988951.963154973 4988951.963154978 4988951.939591262 4988951.964185856
-3.234234234234239 4990505.538641159 4990505.538641165 4990505.515063619 4990505.539639401
-3.216216216216212 4992059.101934329 4992059.101934333 4992059.078344482 4992059.102899029
-3.198198198198195 4993612.652985753 4993612.652985758 4993612.629385171 4993612.653916027
-3.180180180180177 4995166.19174681 4995166.191746814 4995166.168137103 4995166.192641784
-3.16216216216216 4996719.718168973 4996719.718168978 4996719.694551802 4996719.719027788
-3.144144144144143 4998273.232203832 4998273.232203836 4998273.208580899 4998273.233025641
-3.126126126126125 4999826.733803098 4999826.733803103 4999826.710176154 4999826.734587071
-3.108108108108108 5001380.22291862 5001380.222918625 5001380.199289463 5001380.223663941
-3.090090090090091 5002933.699502395 5002933.699502397 5002933.67587287 5002933.700208263
-3.072072072072073 5004487.163506573 5004487.163506578 5004487.139878579 5004487.164172215
-3.054054054054056 5006040.614883483 5006040.614883488 5006040.591258969 5006040.615508138
-3.036036036036039 5007594.053585632 5007594.053585637 5007594.029966597 5007594.054168559
-3.018018018018021 5009147.479565724 5009147.479565729 5009147.455954215 5009147.480106205
-3.000000000000004 5010700.892776672 5010700.892776676 5010700.869174796 5010700.893274011
-2.981981981981987 5012254.293171613 5012254.293171618 5012254.269581529 5012254.293625139
-2.963963963963969 5013807.680703917 5013807.680703922 5013807.657127839 5013807.68111298
-2.945945945945942 5015361.055327209 5015361.055327213 5015361.031767407 5015361.05569119
-2.927927927927924 5016914.416995369 5016914.416995374 5016914.39345417 5016914.417313672
-2.909909909909907 5018467.765662568 5018467.765662573 5018467.74214236 5018467.765934626
-2.89189189189189 5020021.101283263 5020021.101283267 5020021.077786488 5020021.101508536
-2.873873873873872 5021574.423812225 5021574.423812231 5021574.400341389 5021574.42399021
-2.855855855855855 5023127.733204546 5023127.733204551 5023127.709762213 5023127.733334764
-2.837837837837838 5024681.029415665 5024681.029415672 5024681.006004463 5024681.029497675
-2.81981981981982 5026234.312401377 5026234.312401383 5026234.289023994 5026234.312434765
-2.801801801801803 5027787.582117849 5027787.582117856 5027787.55877704 5027787.582102241
-2.783783783783786 5029340.838521645 5029340.838521651 5029340.815220226 5029340.838456701
-2.765765765765768 5030894.081569735 5030894.081569742 5030894.058310591 5030894.081455153
-2.747747747747751 5032447.31121952 5032447.311219526 5032447.288005599 5032447.311055035
-2.729729729729734 5034000.527428847 5034000.527428854 5034000.504263164 5034000.527214234
-2.711711711711716 5035553.730156027 5035553.730156034 5035553.707041669 5035553.729891101
-2.693693693693689 5037106.919359858 5037106.919359866 5037106.896299976 5037106.919044476
-2.675675675675671 5038660.094999638 5038660.094999644 5038660.071997454 5038660.094633697
-2.657657657657654 5040213.257035195 5040213.257035201 5040213.234094002 5040213.256618638
-2.639639639639637 5041766.4054269 5041766.405426906 5041766.382550062 5041766.40495971
-2.621621621621619 5043319.540135687 5043319.540135694 5043319.517326636 5043319.539617896
-2.603603603603602 5044872.661123079 5044872.661123086 5044872.638385326 5044872.660554768
-2.585585585585585 5046425.768351212 5046425.768351219 5046425.745688334 5046425.767732503
-2.567567567567568 5047978.861782848 5047978.861782853 5047978.8391985 5047978.861113916
-2.54954954954955 5049531.941381403 5049531.941381411 5049531.918879313 5049531.940662471
-2.531531531531533 5051085.007110976 5051085.007110983 5051084.984694945 5051085.006342312
-2.513513513513515 5052638.058936357 5052638.058936364 5052638.036610263 5052638.058118289
-2.495495495495498 5054191.096823071 5054191.096823078 5054191.074590865 5054191.09595597
-2.477477477477481 5055744.120737382 5055744.12073739 5055744.098603091 5055744.119821673
-2.459459459459463 5057297.130646337 5057297.130646344 5057297.108614066 5057297.1296825
-2.441441441441446 5058850.126517775 5058850.126517783 5058850.104591704 5058850.125506342
-2.423423423423419 5060403.108320363 5060403.108320369 5060403.086504747 5060403.107261919
-2.405405405405401 5061956.076023618 5061956.076023623 5061956.05432279 5061956.074918803
-2.387387387387384 5063509.029597934 5063509.029597942 5063509.008016305 5063509.028447445
-2.369369369369366 5065061.969014614 5065061.969014621 5065061.947556669 5065061.967819199
-2.351351351351349 5066614.894245888 5066614.894245895 5066614.872916187 5066614.893006352
-2.333333333333332 5068167.805264949 5068167.805264957 5068167.784068133 5068167.803982154
-2.315315315315314 5069720.702045978 5069720.702045985 5069720.680986757 5069720.700720838
-2.297297297297297 5071273.584564174 5071273.584564181 5071273.563647339 5071273.583197664
-2.27927927927928 5072826.452795782 5072826.452795791 5072826.432026198 5072826.451388929
-2.261261261261263 5074379.306718126 5074379.306718133 5074379.286100728 5074379.305272012
-2.243243243243245 5075932.146309632 5075932.146309638 5075932.125849433 5075932.144825396
-2.225225225225228 5077484.971549869 5077484.971549876 5077484.951251954 5077484.970028707
-2.20720720720721 5079037.782419571 5079037.782419579 5079037.762289097 5079037.780862732
-2.189189189189193 5080590.578900672 5080590.57890068 5080590.558942865 5080590.577309458
-2.171171171171166 5082143.36097634 5082143.360976348 5082143.341196497 5082143.359352107
-2.153153153153148 5083696.128631006 5083696.128631012 5083696.109034489 5083696.126975164
-2.135135135135131 5085248.881850393 5085248.881850399 5085248.862442639 5085248.880164406
-2.117117117117114 5086801.620621561 5086801.62062157 5086801.601408068 5086801.618906942
-2.099099099099096 5088354.344932929 5088354.344932935 5088354.325919254 5088354.343191239
-2.081081081081079 5089907.054774311 5089907.054774321 5089907.035966082 5089907.053007169
-2.063063063063062 5091459.75013696 5091459.750136968 5091459.731539857 5091459.74834602
-2.045045045045044 5093012.431013584 5093012.431013593 5093012.412633352 5093012.429200558
-2.027027027027027 5094565.097398399 5094565.097398408 5094565.079240835 5094565.095565039
-2.00900900900901 5096117.749287155 5096117.749287163 5096117.731358107 5096117.747435254
-1.990990990990992 5097670.386677167 5097670.386677176 5097670.368982538 5097670.384808565
-1.972972972972975 5099223.009567367 5099223.009567373 5099222.992113104 5099223.00768394
-1.954954954954958 5100775.61795832 5100775.617958328 5100775.60075042 5100775.616061987
-1.93693693693694 5102328.211852278 5102328.211852286 5102328.194896778 5102328.209944992
-1.918918918918923 5103880.791253201 5103880.791253209 5103880.774556177 5103880.789336947
-1.900900900900895 5105433.356166809 5105433.356166816 5105433.339734369 5105433.354243603
-1.882882882882878 5106985.906600605 5106985.906600611 5106985.890438894 5106985.904672495
-1.864864864864861 5108538.44256392 5108538.442563928 5108538.426679111 5108538.440632981
-1.846846846846843 5110090.964067952 5110090.964067958 5110090.948466239 5110090.962136279
-1.828828828828826 5111643.471125797 5111643.471125805 5111643.455813399 5111643.469195513
-1.810810810810809 5113195.96375249 5113195.963752499 5113195.948735635 5113195.961825729
-1.792792792792791 5114748.441965045 5114748.441965053 5114748.427249977 5114748.440043959
-1.774774774774774 5116300.905782486 5116300.905782493 5116300.891375457 5116300.90386924
-1.756756756756757 5117853.355225893 5117853.355225901 5117853.341133156 5117853.353322661
-1.738738738738739 5119405.790318434 5119405.790318442 5119405.776546238 5119405.788427394
-1.720720720720722 5120958.211085402 5120958.211085412 5120958.197639992 5120958.209208741
-1.702702702702705 5122510.617554261 5122510.617554269 5122510.604441865 5122510.615694156
-1.684684684684687 5124063.009754673 5124063.00975468 5124062.996981502 5124063.007913302
-1.66666666666667 5125615.387718539 5125615.387718547 5125615.375290782 5125615.385898071
-1.648648648648653 5127167.751480044 5127167.75148005 5127167.739403856 5127167.749682637
-1.630630630630635 5128720.101075682 5128720.10107569 5128720.089357189 5128720.099303478
-1.612612612612608 5130272.436544303 5130272.436544312 5130272.425189586 5130272.434799426
-1.594594594594591 5131824.75792714 5131824.757927149 5131824.74694223 5131824.756211687
-1.576576576576573 5133377.065267857 5133377.065267867 5133377.054658735 5133377.063583905
-1.558558558558556 5134929.358612576 5134929.358612583 5134929.348385159 5134929.356962161
-1.540540540540538 5136481.638009913 5136481.638009922 5136481.628170054 5136481.636395047
-1.522522522522521 5138033.903511019 5138033.903511028 5138033.894064499 5138033.901933675
-1.504504504504504 5139586.155169612 5139586.155169622 5139586.14612213 5139586.153631716
-1.486486486486486 5141138.393042008 5141138.393042018 5141138.384399177 5141138.391545443
-1.468468468468469 5142690.617187162 5142690.61718717 5142690.608954499 5142690.615733756
-1.450450450450452 5144242.827666691 5144242.8276667 5144242.819849619 5144242.826258226
-1.432432432432434 5145795.024544915 5145795.024544923 5145795.017148743 5145795.023183113
-1.414414414414417 5147347.207888887 5147347.207888894 5147347.200918816 5147347.206575409
-1.3963963963964 5148899.377768421 5148899.377768429 5148899.371229527 5148899.376504863
-1.378378378378382 5150451.534256125 5150451.534256134 5150451.528153359 5150451.533044016
-1.360360360360365 5152003.677427429 5152003.677427436 5152003.671765603 5152003.676268226
-1.342342342342338 5153555.807360616 5153555.807360622 5153555.802144403 5153555.806255701
-1.32432432432432 5155107.924136843 5155107.92413685 5155107.91937077 5155107.923087523
-1.306306306306303 5156660.027840175 5156660.027840182 5156660.023528609 5156660.026847674
-1.288288288288286 5158212.118557611 5158212.118557618 5158212.114704762 5158212.11762307
-1.270270270270268 5159764.196379098 5159764.196379106 5159764.192989006 5159764.195503575
-1.252252252252251 5161316.261397567 5161316.261397574 5161316.258474093 5161316.260582024
-1.234234234234233 5162868.313708945 5162868.313708954 5162868.311255775 5162868.312954261
-1.216216216216216 5164420.353412183 5164420.353412192 5164420.351432811 5164420.352719137
-1.198198198198199 5165972.380609271 5165972.38060928 5165972.379106999 5165972.37997855
-1.180180180180181 5167524.39540526 5167524.395405268 5167524.394383187 5167524.39483745
-1.162162162162164 5169076.397908268 5169076.397908278 5169076.397369296 5169076.397403866
-1.144144144144147 5170628.388229514 5170628.388229524 5170628.388176329 5170628.387788904
-1.12612612612613 5172180.366483312 5172180.366483322 5172180.366918385 5172180.366106787
-1.108108108108112 5173732.332787098 5173732.332787107 5173732.333712678 5173732.332474843
-1.090090090090095 5175284.287261429 5175284.287261439 5175284.288679544 5175284.287013528
-1.072072072072067 5176836.230030002 5176836.230030011 5176836.231942445 5176836.229846435
-1.05405405405405 5178388.161219649 5178388.161219659 5178388.163627982 5178388.161100292
-1.036036036036033 5179940.080960355 5179940.080960365 5179940.083865901 5179940.080904982
-1.018018018018015 5181491.989385251 5181491.989385261 5181491.992789093 5181491.989393533
-0.9999999999999979 5183043.886630622 5183043.886630631 5183043.890533597 5183043.886702126
-0.9819819819819806 5184595.772835903 5184595.772835911 5184595.7772386 5184595.772970094
-0.9639639639639632 5186147.648143677 5186147.648143686 5186147.65304644 5186147.648339922
-0.9459459459459459 5187699.512699672 5187699.51269968 5187699.518102584 5187699.512957233
-0.9279279279279286 5189251.366652751 5189251.36665276 5189251.37255565 5189251.366970797
-0.9099099099099113 5190803.210154907 5190803.210154916 5190803.216557372 5190803.210532511
-0.8918918918918939 5192355.043361252 5192355.043361262 5192355.050262605 5192355.043797387
-0.8738738738738765 5193906.866429999 5193906.86643001 5193906.873829305 5193906.866923551
-0.8558558558558592 5195458.679522453 5195458.679522461 5195458.687418519 5195458.680072215
-0.8378378378378418 5197010.48280299 5197010.482803 5197010.49119437 5197010.483407672
-0.8198198198198245 5198562.276439034 5198562.276439045 5198562.285324022 5198562.277097259
-0.8018018018017971 5200114.060601048 5200114.060601057 5200114.069977684 5200114.061311359
-0.7837837837837797 5201665.835462491 5201665.835462499 5201665.845328557 5201665.836223352
-0.7657657657657624 5203217.601199804 5203217.601199812 5203217.611552836 5203217.602009605
-0.747747747747745 5204769.357992378 5204769.357992387 5204769.368829656 5204769.358849441
-0.7297297297297277 5206321.106022522 5206321.10602253 5206321.11734108 5206321.106925096
-0.7117117117117103 5207872.845475425 5207872.845475435 5207872.857272052 5207872.846421704
-0.6936936936936929 5209424.576539129 5209424.576539138 5209424.588810371 5209424.577527242
-0.6756756756756757 5210976.299404483 5210976.299404493 5210976.312146651 5210976.300432505
-0.6576576576576583 5212528.014265101 5212528.014265108 5212528.027474267 5212528.015331057
-0.639639639639641 5214079.721317326 5214079.721317334 5214079.734989337 5214079.722419198
-0.6216216216216236 5215631.420760172 5215631.420760182 5215631.434890647 5215631.421895895
-0.6036036036036063 5217183.112795291 5217183.1127953 5217183.127379629 5217183.113962765
-0.5855855855855889 5218734.797626911 5218734.797626918 5218734.812660296 5218734.798824001
-0.5675675675675715 5220286.475461784 5220286.475461791 5220286.490939191 5220286.476686331
-0.5495495495495543 5221838.146509135 5221838.146509143 5221838.162425335 5221838.147758954
-0.5315315315315268 5223389.810980604 5223389.810980611 5223389.827330171 5223389.81225349
-0.5135135135135094 5224941.469090179 5224941.469090188 5224941.485867498 5224941.470383914
-0.4954954954954921 5226493.121054145 5226493.121054154 5226493.13825341 5226493.122366501
-0.4774774774774748 5228044.767091008 5228044.767091016 5228044.784706241 5228044.76841975
-0.4594594594594574 5229596.407421439 5229596.407421447 5229596.425446491 5229596.408764335
-0.44144144144144 5231148.042268197 5231148.042268207 5231148.060696754 5231148.043623017
-0.4234234234234227 5232699.671856066 5232699.671856076 5232699.690681655 5232699.673220585
-0.4054054054054054 5234251.296411772 5234251.296411781 5234251.315627776 5234251.29778378
-0.387387387387388 5235802.916163919 5235802.916163926 5235802.935763577 5235802.917541222
-0.3693693693693707 5237354.531342903 5237354.531342912 5237354.551319325 5237354.532723331
-0.3513513513513534 5238906.142180843 5238906.142180854 5238906.16252701 5238906.143562248
-0.333333333333336 5240457.748911493 5240457.748911504 5240457.769620269 5240457.750291755
-0.3153153153153187 5242009.351770165 5242009.351770176 5242009.372834302 5242009.353147196
-0.2972972972973014 5243560.950993642 5243560.950993652 5243560.97240579 5243560.952365389
-0.279279279279284 5245112.546820092 5245112.546820103 5245112.568572814 5245112.548184546
-0.2612612612612565 5246664.139488989 5246664.139489001 5246664.161574755 5246664.140844179
-0.2432432432432392 5248215.729241015 5248215.729241024 5248215.751652219 5248215.730585018
-0.2252252252252218 5249767.316317978 5249767.316317988 5249767.339046948 5249767.31764892
-0.2072072072072045 5251318.90096272 5251318.90096273 5251318.924001719 5251318.902278782
-0.1891891891891871 5252870.483419023 5252870.483419033 5252870.506760258 5252870.484718434
-0.1711711711711698 5254422.063931521 5254422.063931531 5254422.087567155 5254422.06521257
-0.1531531531531525 5255973.642745599 5255973.64274561 5255973.666667758 5255973.644006636
-0.1351351351351351 5257525.220107308 5257525.22010732 5257525.244308083 5257525.221346742
-0.1171171171171178 5259076.796263264 5259076.796263273 5259076.820734723 5259076.797479565
-0.09909909909910045 5260628.371460552 5260628.371460563 5260628.396194748 5260628.372652262
-0.08108108108108311 5262179.945946635 5262179.945946645 5262179.970935611 5262179.947112356
-0.06306306306306576 5263731.519969253 5263731.519969262 5263731.545205047 5263731.521107661
-0.04504504504504842 5265283.093776327 5265283.093776338 5265283.119250985 5265283.094886161
-0.02702702702703108 5266834.667615862 5266834.667615874 5266834.693321441 5266834.668695937
-0.00900900900901374 5268386.241735851 5268386.241735863 5268386.267664426 5268386.242785049
0.00900900900901374 5269937.81638418 5269937.816384192 5269937.842527846 5269937.817401457
0.02702702702703108 5271489.391808522 5271489.391808532 5271489.418159406 5271489.392792906
0.04504504504504842 5273040.968256251 5273040.968256262 5273040.994806519 5273040.969206842
0.06306306306306576 5274592.545974339 5274592.545974351 5274592.572716194 5274592.546890314
0.08108108108108311 5276144.125209265 5276144.125209277 5276144.152134961 5276144.12608987
0.09909909909910045 5277695.706206913 5277695.706206924 5277695.733308754 5277695.707051468
0.1171171171171178 5279247.289212483 5279247.289212494 5279247.316482832 5279247.290020382
0.1351351351351351 5280798.874470395 5280798.874470406 5280798.901901675 5280798.875241102
0.1531531531531525 5282350.462224191 5282350.462224203 5282350.489808897 5282350.462957244
0.1711711711711698 5283902.052716453 5283902.052716464 5283902.080447147 5283902.053411459
0.1891891891891871 5285453.646188704 5285453.646188715 5285453.674058025 5285453.646845343
0.2072072072072045 5287005.24288132 5287005.242881332 5287005.270881985 5287005.243499338
0.2252252252252218 5288556.843033439 5288556.84303345 5288556.871158252 5288556.843612653
0.2432432432432392 5290108.446882877 5290108.446882888 5290108.475124727 5290108.447423171
0.2612612612612565 5291660.054666043 5291660.054666053 5291660.083017908 5291660.055167366
0.279279279279284 5293211.666617846 5293211.666617858 5293211.695072804 5293211.667080214
0.2972972972973014 5294763.282971621 5294763.282971634 5294763.311522837 5294763.283395107
0.3153153153153187 5296314.903959043 5296314.903959055 5296314.932599787 5296314.904343789
0.333333333333336 5297866.529810051 5297866.529810062 5297866.55853369 5297866.530156248
0.3513513513513534 5299418.16075276 5299418.160752771 5299418.189552772 5299418.16106067
0.3693693693693707 5300969.7970134 5300969.797013412 5300969.825883366 5300969.797283337
0.387387387387388 5302521.43881623 5302521.438816243 5302521.467749837 5302521.439048559
0.4054054054054054 5304073.086383471 5304073.086383482 5304073.115374516 5304073.086578612
0.4234234234234227 5305624.739935232 5305624.739935244 5305624.768977624 5305624.740093657
0.44144144144144 5307176.399689449 5307176.399689461 5307176.428777209 5307176.399811676
0.4594594594594574 5308728.065861808 5308728.06586182 5308728.094989073 5308728.065948403
0.4774774774774748 5310279.738665693 5310279.738665706 5310279.767826714 5310279.738717267
0.4954954954954921 5311831.418312114 5311831.418312126 5311831.447501255 5311831.418329321
0.5135135135135094 5313383.105009658 5313383.105009669 5313383.134221401 5313383.104993192
0.5315315315315268 5314934.798964422 5314934.798964433 5314934.828193367 5314934.798915016
0.5495495495495543 5316486.500379967 5316486.500379977 5316486.529620827 5316486.500298386
0.5675675675675715 5318038.209457252 5318038.209457264 5318038.238704868 5318038.209344304
0.5855855855855889 5319589.926394606 5319589.926394618 5319589.955643923 5319589.926251122
0.6036036036036063 5321141.65138766 5321141.65138767 5321141.680633746 5321141.651214503
0.6216216216216236 5322693.384629307 5322693.384629318 5322693.413867353 5322693.384427372
0.639639639639641 5324245.126309669 5324245.126309677 5324245.155534973 5324245.126079869
0.6576576576576583 5325796.876616041 5325796.876616052 5325796.905824027 5325796.876359321
0.6756756756756757 5327348.635732867 5327348.635732877 5327348.664919071 5327348.635450187
0.6936936936936929 5328900.403841694 5328900.403841704 5328900.433001767 5328900.403534036
0.7117117117117103 5330452.181121143 5330452.181121152 5330452.210250853 5330452.180789505
0.7297297297297277 5332003.96774688 5332003.967746888 5332003.996842109 5332003.967392276
0.747747747747745 5333555.763891583 5333555.763891594 5333555.792948327 5333555.76351504
0.7657657657657624 5335107.56972492 5335107.569724931 5335107.598739286 5335107.569327476
0.7837837837837797 5336659.385413523 5336659.385413534 5336659.41438173 5336659.384996225
0.8018018018017971 5338211.211120964 5338211.211120974 5338211.240039341 5338211.210684864
0.8198198198198245 5339763.047007743 5339763.047007753 5339763.075872727 5339763.046553901
0.8378378378378418 5341314.893231262 5341314.893231273 5341314.922039403 5341314.892760744
0.8558558558558592 5342866.749945818 5342866.74994583 5342866.778693767 5342866.749459689
0.8738738738738765 5344418.617302586 5344418.617302598 5344418.645987102 5344418.616801912
0.8918918918918939 5345970.495449611 5345970.49544962 5345970.524067556 5345970.494935454
0.9099099099099113 5347522.384531798 5347522.384531809 5347522.413080139 5347522.384005222
0.9279279279279286 5349074.284690906 5349074.284690918 5349074.313166711 5349074.284152971
0.9459459459459459 5350626.196065549 5350626.196065559 5350626.22446598 5350626.195517302
0.9639639639639632 5352178.118791184 5352178.118791195 5352178.147113508 5352178.11823367
0.9819819819819806 5353730.05300012 5353730.053000131 5353730.081241695 5353730.052434372
0.9999999999999979 5355281.998821515 5355281.998821524 5355282.026979798 5355281.998248558
1.018018018018015 5356833.956381383 5356833.956381394 5356833.984453923 5356833.955802231
1.036036036036033 5358385.925802598 5358385.925802609 5358385.953787035 5358385.925218249
1.05405405405405 5359937.907204898 5359937.907204909 5359937.935098963 5359937.906616339
1.072072072072067 5361489.900704904 5361489.900704915 5361489.928506413 5361489.900113105
1.090090090090095 5363041.906416117 5363041.906416127 5363041.934122977 5363041.905822034
1.108108108108112 5364593.924448941 5364593.924448951 5364593.952059141 5364593.92385351
1.12612612612613 5366145.954910693 5366145.954910703 5366145.982422309 5366145.954314835
1.144144144144147 5367697.997905622 5367697.997905632 5367698.025316808 5367697.997310239
1.162162162162164 5369250.053534919 5369250.053534929 5369250.080843907 5369250.052940889
1.180180180180181 5370802.121896741 5370802.121896752 5370802.149101847 5370802.121304927
1.198198198198199 5372354.203086232 5372354.203086242 5372354.230185843 5372354.202497471
1.216216216216216 5373906.297195537 5373906.297195547 5373906.324188117 5373906.296610645
1.234234234234233 5375458.404313831 5375458.404313841 5375458.431197918 5375458.403733606
1.252252252252251 5377010.524527341 5377010.524527353 5377010.551301544 5377010.523952552
1.270270270270268 5378562.657919369 5378562.657919379 5378562.684582366 5378562.657350763
1.288288288288286 5380114.80457032 5380114.804570331 5380114.831120856 5380114.804008621
1.306306306306303 5381666.964557724 5381666.964557733 5381666.99099461 5381666.964003628
1.32432432432432 5383219.137956271 5383219.137956282 5383219.164278387 5383219.137410456
1.342342342342338 5384771.324837835 5384771.324837846 5384771.351044121 5384771.324300946
1.360360360360365 5386323.525271506 5386323.525271517 5386323.551360963 5386323.524744166
1.378378378378382 5387875.739323614 5387875.739323626 5387875.765295305 5387875.738806421
1.3963963963964 5389427.967057772 5389427.967057783 5389427.992910816 5389427.966551295
1.414414414414417 5390980.208534897 5390980.208534908 5390980.234268473 5390980.208039683
1.432432432432434 5392532.463813249 5392532.463813258 5392532.489426586 5392532.463329813
1.450450450450452 5394084.732948461 5394084.732948472 5394084.758440848 5394084.732477297
1.468468468468469 5395637.015993574 5395637.015993585 5395637.041364348 5395637.015535148
1.486486486486486 5397189.312999072 5397189.312999083 5397189.338247623 5397189.312553825
1.504504504504504 5398741.624012917 5398741.624012928 5398741.649138685 5398741.62358126
1.522522522522521 5400293.949080584 5400293.949080596 5400293.974083056 5400293.948662905
1.540540540540538 5401846.288245095 5401846.288245105 5401846.313123801 5401846.287841752
1.558558558558556 5403398.641547058 5403398.641547068 5403398.666301577 5403398.641158387
1.576576576576573 5404951.009024699 5404951.009024708 5404951.033654654 5404951.008651006
1.594594594594591 5406503.390713908 5406503.390713918 5406503.415218966 5406503.39035548
1.612612612612618 5408055.786648264 5408055.786648274 5408055.811028128 5408055.786305358
1.630630630630635 5409608.19685908 5409608.196859092 5409608.221113502 5409608.196531932
1.648648648648653 5411160.621375441 5411160.621375452 5411160.6455042 5411160.621064254
1.66666666666667 5412713.060224235 5412713.060224244 5412713.084227154 5412713.059929193
1.684684684684687 5414265.513430197 5414265.513430207 5414265.537307136 5414265.513151461
1.702702702702705 5415817.981015946 5415817.981015955 5415818.004766795 5415817.980753649
1.720720720720722 5417370.463002016 5417370.463002025 5417370.486626706 5417370.462756273
1.738738738738739 5418922.959406905 5418922.959406915 5418922.982905395 5418922.959177804
1.756756756756757 5420475.470247102 5420475.470247111 5420475.493619387 5420475.470034709
1.774774774774774 5422027.995537131 5422027.995537141 5422028.01878323 5422027.99534149
1.792792792792791 5423580.535289589 5423580.535289598 5423580.558409555 5423580.535110722
1.810810810810809 5425133.089515179 5425133.08951519 5425133.112509093 5425133.089353087
1.828828828828826 5426685.658222751 5426685.65822276 5426685.681090721 5426685.658077413
1.846846846846843 5428238.241419337 5428238.241419348 5428238.2641615 5428238.241290716
1.864864864864861 5429790.839110193 5429790.839110203 5429790.861726708 5429790.838998225
1.882882882882888 5431343.451298827 5431343.451298838 5431343.473789878 5431343.451203436
1.900900900900895 5432896.077987046 5432896.077987057 5432896.100352841 5432896.077908131
1.918918918918923 5434448.719174986 5434448.719174995 5434448.741415756 5434448.719112429
1.93693693693694 5436001.374861145 5436001.374861157 5436001.396977146 5436001.374814814
1.954954954954958 5437554.045042432 5437554.045042441 5437554.067033936 5437554.045012174
1.972972972972975 5439106.729714188 5439106.729714197 5439106.751581492 5439106.729699833
1.990990990990992 5440659.428870231 5440659.428870242 5440659.45061365 5440659.428871599
2.00900900900901 5442212.142502886 5442212.142502896 5442212.164122749 5442212.142519772
2.027027027027027 5443764.870603022 5443764.870603033 5443764.892099682 5443764.870635213
2.045045045045044 5445317.613160088 5445317.613160097 5445317.634533911 5445317.613207351
2.063063063063062 5446870.370162141 5446870.370162151 5446870.391413515 5446870.370224236
2.081081081081079 5448423.141595887 5448423.141595897 5448423.16272521 5448423.141672555
2.099099099099096 5449975.927446709 5449975.927446718 5449975.948454398 5449975.92753768
2.117117117117114 5451528.727698705 5451528.727698714 5451528.748585188 5451528.727803694
2.135135135135131 5453081.542334714 5453081.542334725 5453081.563100433 5453081.542453427
2.153153153153158 5454634.371336355 5454634.371336365 5454634.391981767 5454634.371468487
2.171171171171166 5456187.21468405 5456187.214684059 5456187.235209623 5456187.214829284
2.189189189189193 5457740.072357067 5457740.072357076 5457740.092763284 5457740.072515078
2.20720720720721 5459292.944333541 5459292.94433355 5459292.964620893 5459292.944503992
2.225225225225228 5460845.83059051 5460845.83059052 5460845.8507595 5460845.830773056
2.243243243243245 5462398.731103942 5462398.731103949 5462398.751155081 5462398.731298227
2.261261261261263 5463951.645848764 5463951.645848773 5463951.665782578 5463951.646054431
2.27927927927928 5465504.574798898 5465504.574798907 5465504.59461592 5465504.575015577
2.297297297297297 5467057.517927281 5467057.517927291 5467057.537628048 5467057.518154593
2.315315315315314 5468610.475205898 5468610.475205909 5468610.494790962 5468610.475443463
2.333333333333332 5470163.446605809 5470163.446605819 5470163.466075725 5470163.446853236
2.351351351351349 5471716.432097176 5471716.432097185 5471716.451452507 5471716.432354073
2.369369369369366 5473269.431649291 5473269.4316493 5473269.450890608 5473269.43191526
2.387387387387384 5474822.445230601 5474822.445230612 5474822.464358484 5474822.445505238
2.405405405405401 5476375.472808737 5476375.472808747 5476375.491823766 5476375.473091634
2.423423423423429 5477928.514350537 5477928.514350547 5477928.533253303 5477928.514641284
2.441441441441436 5479481.569822066 5479481.569822075 5479481.588613162 5479481.570120247
2.459459459459463 5481034.639188658 5481034.639188667 5481034.657868684 5481034.639493858
2.477477477477481 5482587.722414915 5482587.722414925 5482587.740984474 5482587.722726718
2.495495495495498 5484140.819464758 5484140.819464766 5484140.837924458 5484140.81978274
2.513513513513515 5485693.930301429 5485693.930301438 5485693.94865188 5485693.93062517
2.531531531531533 5487247.054887523 5487247.054887532 5487247.073129344 5487247.055216599
2.54954954954955 5488800.193185012 5488800.193185021 5488800.211318819 5488800.193519001
2.567567567567568 5490353.345155263 5490353.345155272 5490353.363181678 5490353.345493742
2.585585585585585 5491906.51075906 5491906.51075907 5491906.528678708 5491906.511101607
2.603603603603602 5493459.689956632 5493459.689956642 5493459.707770137 5493459.690302823
2.621621621621619 5495012.882707662 5495012.882707671 5495012.900415653 5495012.883057076
2.639639639639637 5496566.088971317 5496566.088971325 5496566.106574425 5496566.089323534
2.657657657657654 5498119.308706264 5498119.308706272 5498119.326205119 5498119.309060865
2.675675675675671 5499672.541870692 5499672.541870702 5499672.55926593 5499672.542227264
2.693693693693699 5501225.78842233 5501225.78842234 5501225.805714584 5501225.788780456
2.711711711711706 5502779.04831846 5502779.048318469 5502779.065508364 5502779.048677729
2.729729729729734 5504332.321515948 5504332.321515956 5504332.338604137 5504332.321875952
2.747747747747751 5505885.607971249 5505885.607971258 5505885.624958362 5505885.608331585
2.765765765765768 5507438.907640431 5507438.907640441 5507438.924527104 5507438.908000699
2.783783783783786 5508992.220479197 5508992.220479206 5508992.237266066 5508992.220838997
2.801801801801803 5510545.546442889 5510545.546442898 5510545.563130589 5510545.546801829
2.81981981981982 5512098.885486515 5512098.885486525 5512098.902075684 5512098.885844207
2.837837837837838 5513652.237564762 5513652.237564771 5513652.254056034 5513652.237920823
2.855855855855855 5515205.602632011 5515205.602632022 5515205.619026022 5515205.60298606
2.873873873873872 5516758.980642353 5516758.980642362 5516758.996939735 5516758.980994017
2.89189189189189 5518312.371549602 5518312.37154961 5518312.387750989 5518312.371898511
2.909909909909907 5519865.775307313 5519865.775307323 5519865.791413339 5519865.775653107
2.927927927927924 5521419.191868794 5521419.191868804 5521419.207880087 5521419.192211117
2.945945945945942 5522972.621187123 5522972.621187134 5522972.637104315 5522972.621525621
2.963963963963969 5524526.063215155 5524526.063215164 5524526.079038871 5524526.063549483
2.981981981981976 5526079.517905541 5526079.517905548 5526079.533636408 5526079.518235361
3.000000000000004 5527632.985210741 5527632.985210749 5527633.000849384 5527632.985535724
3.018018018018021 5529186.465083032 5529186.46508304 5529186.480630074 5529186.465402852
3.036036036036039 5530739.957474528 5530739.957474535 5530739.972930589 5530739.957788864
3.054054054054056 5532293.462337182 5532293.462337191 5532293.477702882 5532293.462645726
3.072072072072073 5533846.979622806 5533846.979622814 5533846.994898761 5533846.979925253
3.090090090090091 5535400.509283081 5535400.509283088 5535400.524469905 5535400.509579135
3.108108108108108 5536954.051269563 5536954.051269569 5536954.066367866 5536954.051558933
3.126126126126125 5538507.605533699 5538507.605533708 5538507.620544095 5538507.605816105
3.144144144144143 5540061.172026835 5540061.172026841 5540061.186949927 5540061.172302001
3.16216216216216 5541614.750700229 5541614.750700234 5541614.765536622 5541614.750967889
3.180180180180177 5543168.341505059 5543168.341505066 5543168.356255357 5543168.341764957
3.198198198198195 5544721.944392431 5544721.944392438 5544721.959057231 5544721.944644313
3.216216216216212 5546275.559313391 5546275.559313399 5546275.573893291 5546275.559557015
3.234234234234239 5547829.186218936 5547829.186218943 5547829.200714528 5547829.186454068
3.252252252252247 5549382.825060016 5549382.825060022 5549382.839471892 5549382.825286429
3.270270270270274 5550936.475787552 5550936.47578756 5550936.490116298 5550936.476005031
3.288288288288292 5552490.138352438 5552490.138352445 5552490.152598639 5552490.13856077
3.306306306306309 5554043.812705547 5554043.812705554 5554043.826869785 5554043.812904529
3.324324324324326 5555597.49879775 5555597.498797757 5555597.512880602 5555597.498987191
3.342342342342344 5557151.196579912 5557151.196579919 5557151.210581955 5557151.196759625
3.360360360360361 5558704.906002904 5558704.906002912 5558704.91992471 5558704.906172715
3.378378378378378 5560258.627017614 5560258.62701762 5560258.640859751 5560258.627177353
3.396396396396395 5561812.359574946 5561812.359574952 5561812.37333798 5561812.359724455
3.414414414414413 5563366.103625836 5563366.103625841 5563366.117310329 5563366.103764961
3.43243243243243 5564919.859121252 5564919.859121257 5564919.872727764 5564919.859249854
3.450450450450448 5566473.626012203 5566473.62601221 5566473.639541289 5566473.626130146
3.468468468468465 5568027.404249745 5568027.40424975 5568027.417701957 5568027.404356902
3.486486486486482 5569581.193784988 5569581.193784994 5569581.207160877 5569581.193881243
3.50450450450451 5571134.994569101 5571134.994569106 5571135.007869211 5571134.994654344
3.522522522522527 5572688.806553314 5572688.806553322 5572688.819778189 5572688.806627448
3.540540540540544 5574242.629688935 5574242.62968894 5574242.64283911 5574242.629751863
3.558558558558562 5575796.46392734 5575796.463927346 5575796.477003355 5575796.463978981
3.576576576576579 5577350.309219992 5577350.309219997 5577350.322222373 5577350.309260268
3.594594594594597 5578904.165518434 5578904.165518438 5578904.17844771 5578904.165547278
3.612612612612614 5580458.032774307 5580458.032774312 5580458.045631007 5580458.032791661
3.630630630630631 5582011.910939341 5582011.910939347 5582011.923723985 5582011.910945155
3.648648648648649 5583565.79996537 5583565.799965376 5583565.812678474 5583565.7999596
3.666666666666666 5585119.699804332 5585119.699804338 5585119.712446411 5585119.699786945
3.684684684684683 5586673.610408274 5586673.610408278 5586673.622979837 5586673.610379241
3.7027027027027 5588227.531729354 5588227.531729359 5588227.544230909 5588227.531688658
3.720720720720718 5589781.463719848 5589781.463719853 5589781.476151899 5589781.463667479
3.738738738738735 5591335.406332153 5591335.406332158 5591335.418695201 5591335.406268109
3.756756756756753 5592889.359518792 5592889.359518798 5592889.371813332 5592889.359443076
3.77477477477478 5594443.323232412 5594443.323232419 5594443.335458938 5594443.323145039
3.792792792792797 5595997.297425797 5595997.297425802 5595997.309584797 5595997.297326785
3.810810810810815 5597551.282051858 5597551.282051865 5597551.29414382 5597551.281941239
3.828828828828832 5599105.277063652 5599105.277063657 5599105.289089055 5599105.276941455
3.846846846846849 5600659.282414371 5600659.282414376 5600659.294373697 5600659.282280643
3.864864864864867 5602213.298057355 5602213.298057361 5602213.309951078 5602213.297912146
3.882882882882884 5603767.323946088 5603767.323946092 5603767.33577468 5603767.323789455
3.900900900900901 5605321.360034205 5605321.360034209 5605321.371798133 5605321.359866212
3.918918918918919 5606875.406275491 5606875.406275496 5606875.417975222 5606875.40609621
3.936936936936936 5608429.462623888 5608429.462623893 5608429.474259883 5608429.462433398
3.954954954954953 5609983.529033494 5609983.5290335 5609983.540606212 5609983.528831881
3.972972972972971 5611537.605458567 5611537.605458572 5611537.616968459 5611537.605245921
3.990990990990988 5613091.691853523 5613091.69185353 5613091.703301044 5613091.691629945
4.009009009009006 5614645.788172949 5614645.788172955 5614645.799558543 5614645.787938543
4.027027027027023 5616199.894371589 5616199.894371593 5616199.905695699 5616199.894126463
4.04504504504505 5617754.01040436 5617754.010404367 5617754.021667432 5617754.010148638
4.063063063063067 5619308.136226346 5619308.136226352 5619308.147428813 5619308.135960148
4.081081081081085 5620862.271792804 5620862.27179281 5620862.282935102 5620862.271516263
4.099099099099102 5622416.417059161 5622416.417059166 5622416.42814172 5622416.416772412
4.11711711711712 5623970.571981022 5623970.571981028 5623970.583004269 5623970.571684207
4.135135135135137 5625524.736514165 5625524.736514171 5625524.747478523 5625524.736207432
4.153153153153155 5627078.910614546 5627078.910614551 5627078.921520438 5627078.910298049
4.171171171171172 5628633.094238299 5628633.094238305 5628633.10508614 5628633.093912199
4.189189189189189 5630187.287341742 5630187.287341747 5630187.298131946 5630187.287006202
4.207207207207206 5631741.489881366 5631741.489881374 5631741.500614346 5631741.489536558
4.225225225225223 5633295.701813853 5633295.701813858 5633295.712490013 5633295.70145995
4.243243243243241 5634849.923096064 5634849.923096071 5634849.933715811 5634849.922733246
4.261261261261258 5636404.153685044 5636404.15368505 5636404.164248777 5636404.153313496
4.279279279279276 5637958.393538023 5637958.39353803 5637958.404046142 5637958.393157938
4.297297297297293 5639512.642612422 5639512.642612427 5639512.653065318 5639512.642223991
4.315315315315321 5641066.900865842 5641066.900865846 5641066.911263909 5641066.900469266
4.333333333333337 5642621.168256076 5642621.168256082 5642621.178599703 5642621.16785156
4.351351351351355 5644175.444741105 5644175.444741109 5644175.455030675 5644175.444328855
4.369369369369372 5645729.730279099 5645729.730279103 5645729.740514996 5645729.729859328
4.38738738738739 5647284.024828416 5647284.024828422 5647284.035011019 5647284.024401341
4.405405405405407 5648838.328347608 5648838.328347613 5648838.33847729 5648838.327913445
4.423423423423425 5650392.640795413 5650392.64079542 5650392.650872551 5650392.640354392
4.441441441441442 5651946.962130764 5651946.96213077 5651946.972155725 5651946.961683111
4.45945945945946 5653501.292312785 5653501.292312792 5653501.302285937 5653501.29185873
4.477477477477477 5655055.631300791 5655055.631300798 5655055.641222497 5655055.630840572
4.495495495495494 5656609.979054288 5656609.979054295 5656609.98892491 5656609.97858814
4.513513513513511 5658164.335532979 5658164.335532984 5658164.345352874 5658164.335061145
4.531531531531528 5659718.700696754 5659718.70069676 5659718.710466279 5659718.700219478
4.549549549549546 5661273.074505701 5661273.074505705 5661273.084225206 5661273.07402323
4.567567567567563 5662827.456920098 5662827.456920103 5662827.466589934 5662827.456432683
4.585585585585581 5664381.847900417 5664381.847900422 5664381.857520929 5664381.847408311
4.603603603603609 5665936.247407324 5665936.24740733 5665936.256978855 5665936.246910783
4.621621621621625 5667490.655401677 5667490.655401682 5667490.664924568 5667490.65490096
4.639639639639642 5669045.071844529 5669045.071844534 5669045.081319119 5669045.071339894
4.65765765765766 5670599.496697123 5670599.49669713 5670599.506123748 5670599.496188835
4.675675675675677 5672153.929920901 5672153.929920908 5672153.939299892 5672153.929409223
4.693693693693695 5673708.371477492 5673708.371477497 5673708.380809179 5673708.37096269
4.711711711711712 5675262.821328721 5675262.821328728 5675262.830613431 5675262.820811064
4.72972972972973 5676817.279436605 5676817.279436613 5676817.288674663 5676817.278916363
4.747747747747747 5678371.745763356 5678371.745763362 5678371.754955081 5678371.7452408
4.765765765765765 5679926.220271372 5679926.220271381 5679926.229417087 5679926.219746779
4.783783783783782 5681480.702923251 5681480.702923258 5681480.712023268 5681480.70239689
4.801801801801798 5683035.193681779 5683035.193681785 5683035.202736413 5683035.193153928
4.819819819819816 5684589.692509932 5684589.692509939 5684589.701519496 5684589.691980869
4.837837837837833 5686144.199370881 5686144.199370888 5686144.208335683 5686144.19884088
4.855855855855851 5687698.714227983 5687698.714227988 5687698.723148328 5687698.713697325
4.873873873873879 5689253.237044793 5689253.237044798 5689253.245920984 5689253.236513754
4.891891891891896 5690807.767785046 5690807.767785052 5690807.776617386 5690807.767253911
4.909909909909913 5692362.306412676 5692362.306412683 5692362.315201463 5692362.305881723
4.92792792792793 5693916.852891803 5693916.852891808 5693916.861637332 5693916.85236131
4.945945945945947 5695471.407186732 5695471.407186738 5695471.415889299 5695471.406656984
4.963963963963965 5697025.969261962 5697025.969261969 5697025.977921858 5697025.968733239
4.981981981981982 5698580.53908218 5698580.539082184 5698580.547699689 5698580.53855476
5 5700135.116612255 5700135.116612261 5700135.125187668 5700135.116086421
5.018018018018017 5701689.701817245 5701689.701817252 5701689.710350844 5701689.701293277
5.036036036036035 5703244.294662397 5703244.294662404 5703244.303154465 5703244.294140574
5.054054054054052 5704798.895113143 5704798.895113149 5704798.903563958 5704798.894593745
5.07207207207207 5706353.503135097 5706353.503135105 5706353.511544937 5706353.502618405
5.090090090090087 5707908.118694062 5707908.118694069 5707908.127063202 5707908.118180353
5.108108108108103 5709462.741756021 5709462.741756028 5709462.750084732 5709462.741245572
5.126126126126121 5711017.372287142 5711017.37228715 5711017.380575696 5711017.371780232
5.144144144144149 5712572.010253778 5712572.010253783 5712572.018502441 5712572.009750677
5.162162162162166 5714126.655622461 5714126.655622466 5714126.6638315 5714126.655123448
5.180180180180184 5715681.308359904 5715681.308359911 5715681.316529583 5715681.307865252
5.198198198198201 5717235.968433004 5717235.96843301 5717235.976563582 5717235.967942983
5.216216216216218 5718790.635808837 5718790.635808841 5718790.643900575 5718790.635323717
5.234234234234235 5720345.310454656 5720345.310454662 5720345.318507814 5720345.30997471
5.252252252252252 5721899.992337897 5721899.992337902 5721900.000352726 5721899.991863389
5.27027027027027 5723454.681426172 5723454.681426179 5723454.68940293 5723454.680957367
5.288288288288287 5725009.377687269 5725009.377687275 5725009.385626202 5725009.37722443
5.306306306306305 5726564.081089154 5726564.081089159 5726564.088990511 5726564.080632541
5.324324324324322 5728118.791599969 5728118.791599976 5728118.799463999 5728118.791149844
5.34234234234234 5729673.509188033 5729673.50918804 5729673.517014979 5729673.508744652
5.360360360360357 5731228.233821835 5731228.233821842 5731228.24161194 5731228.233385452
5.378378378378374 5732782.965470042 5732782.965470049 5732782.973223547 5732782.96504091
5.396396396396391 5734337.704101492 5734337.704101499 5734337.711818636 5734337.703679859
5.414414414414419 5735892.449685195 5735892.449685202 5735892.457366216 5735892.449271308
5.432432432432436 5737447.202190331 5737447.202190339 5737447.209835462 5737447.201784435
5.450450450450454 5739001.961586255 5739001.961586262 5739001.96919573 5739001.961188592
5.468468468468471 5740556.727842489 5740556.727842497 5740556.735416538 5740556.727453296
5.486486486486489 5742111.500928725 5742111.500928732 5742111.508467578 5742111.500548238
5.504504504504506 5743666.280814822 5743666.280814828 5743666.288318708 5743666.280443274
5.522522522522523 5745221.067470808 5745221.067470814 5745221.074939949 5745221.067108427
5.54054054054054 5746775.860866875 5746775.860866882 5746775.8683015 5746775.860513888
5.558558558558557 5748330.660973386 5748330.660973392 5748330.668373711 5748330.660630016
5.576576576576575 5749885.467760865 5749885.467760872 5749885.475127113 5749885.467427329
5.594594594594592 5751440.281200001 5751440.281200007 5751440.288532389 5751440.280876514
5.61261261261261 5752995.101261646 5752995.101261655 5752995.108560394 5752995.100948422
5.630630630630627 5754549.92791682 5754549.927916825 5754549.935182136 5754549.927614062
5.648648648648645 5756104.761136695 5756104.761136701 5756104.768368797 5756104.760844613
5.666666666666662 5757659.600892613 5757659.600892619 5757659.608091711 5757659.600611405
5.684684684684689 5759214.447156074 5759214.447156078 5759214.454322377 5759214.446885933
5.702702702702706 5760769.299898732 5760769.299898737 5760769.307032449 5760769.299639855
5.720720720720724 5762324.159092408 5762324.159092412 5762324.166193744 5762324.15884498
5.738738738738741 5763879.024709075 5763879.024709079 5763879.031778235 5763879.024473279
5.756756756756759 5765433.896720865 5765433.896720871 5765433.903758053 5765433.896496882
5.774774774774776 5766988.775100065 5766988.775100073 5766988.782105482 5766988.774888068
5.792792792792794 5768543.659819121 5768543.659819125 5768543.666792964 5768543.659619276
5.810810810810811 5770098.550850628 5770098.550850633 5770098.557793097 5770098.550663106
5.828828828828827 5771653.448167338 5771653.448167344 5771653.45507863 5771653.447992299
5.846846846846845 5773208.351742156 5773208.351742162 5773208.358622465 5773208.351579756
5.864864864864862 5774763.261548137 5774763.261548143 5774763.268397657 5774763.261398525
5.88288288288288 5776318.177558489 5776318.177558495 5776318.184377411 5776318.177421812
5.900900900900897 5777873.099746571 5777873.099746576 5777873.106535085 5777873.09962297
5.918918918918915 5779428.028085888 5779428.028085892 5779428.034844182 5779428.027975498
5.936936936936932 5780982.962550098 5780982.962550104 5780982.969278361 5780982.962453051
5.954954954954959 5782537.903113005 5782537.90311301 5782537.909811421 5782537.903029426
5.972972972972976 5784092.849748557 5784092.849748562 5784092.856417311 5784092.849678566
5.990990990990994 5785647.802430855 5785647.802430859 5785647.80907013 5785647.802374567
6.009009009009011 5787202.761134138 5787202.761134143 5787202.767744116 5787202.761091664
6.027027027027029 5788757.725832797 5788757.725832802 5788757.732413657 5788757.725804239
6.045045045045046 5790312.69650136 5790312.696501364 5790312.703053279 5790312.696486815
6.063063063063064 5791867.673114501 5791867.673114506 5791867.679637658 5791867.673114065
6.081081081081081 5793422.655647039 5793422.655647044 5793422.662141609 5793422.655660796
6.099099099099099 5794977.644073928 5794977.644073932 5794977.650540086 5794977.644101961
6.117117117117115 5796532.638370268 5796532.638370272 5796532.644808184 5796532.638412651
6.135135135135132 5798087.638511295 5798087.638511299 5798087.644921144 5798087.638568098
6.15315315315315 5799642.644472389 5799642.644472392 5799642.650854339 5799642.644543674
6.171171171171167 5801197.656229059 5801197.656229063 5801197.66258328 5801197.656314883
6.189189189189185 5802752.673756961 5802752.673756965 5802752.680083619 5802752.673857376
6.207207207207202 5804307.697031882 5804307.697031886 5804307.703331146 5804307.697146933
6.22522522522522 5805862.726029746 5805862.72602975 5805862.73230178 5805862.72615947
6.243243243243247 5807417.760726614 5807417.760726617 5807417.766971579 5807417.760871043
6.261261261261264 5808972.801098675 5808972.801098679 5808972.807316737 5808972.801257837
6.279279279279281 5810527.847122259 5810527.847122262 5810527.853313577 5810527.84729617
6.297297297297299 5812082.898773821 5812082.898773824 5812082.904938555 5812082.898962496
6.315315315315316 5813637.956029954 5813637.956029958 5813637.962168263 5813637.956233399
6.333333333333334 5815193.018867379 5815193.018867383 5815193.024979421 5815193.019085594
6.351351351351351 5816748.087262947 5816748.087262952 5816748.093348878 5816748.087495923
6.369369369369369 5818303.16119364 5818303.161193643 5818303.167253613 5818303.161441363
6.387387387387386 5819858.240636565 5819858.240636568 5819858.246670734 5819858.240899015
6.405405405405403 5821413.32556896 5821413.325568964 5821413.331577479 5821413.325846111
6.42342342342342 5822968.415968191 5822968.415968194 5822968.42195121 5822968.416260008
6.441441441441437 5824523.511811746 5824523.51181175 5824523.517769418 5824523.512118189
6.459459459459455 5826078.613077245 5826078.613077247 5826078.619009714 5826078.61339826
6.477477477477472 5827633.719742425 5827633.719742428 5827633.725649843 5827633.720077961
6.49549549549549 5829188.831785151 5829188.831785154 5829188.837667665 5829188.832135145
6.513513513513518 5830743.949183413 5830743.949183416 5830743.955041165 5830743.949547793
6.531531531531535 5832299.071915319 5832299.07191532 5832299.077748455 5832299.072294011
6.549549549549552 5833854.199959102 5833854.199959105 5833854.205767768 5833854.200352021
6.567567567567569 5835409.333293116 5835409.333293119 5835409.339077451 5835409.333700168
6.585585585585586 5836964.471895833 5836964.471895834 5836964.47765598 5836964.47231692
6.603603603603604 5838519.615745846 5838519.615745848 5838519.621481946 5838519.616180862
6.621621621621621 5840074.764821867 5840074.764821869 5840074.770534057 5840074.765270698
6.639639639639639 5841629.919102726 5841629.919102727 5841629.924791145 5841629.919565251
6.657657657657656 5843185.078567369 5843185.07856737 5843185.084232153 5843185.079043459
6.675675675675674 5844740.243194859 5844740.243194861 5844740.248836147 5844740.243684377
6.693693693693691 5846295.412964378 5846295.412964379 5846295.418582301 5846295.413467179
6.711711711711708 5847850.587855217 5847850.587855219 5847850.593449911 5847850.58837115
6.729729729729725 5849405.767846785 5849405.767846787 5849405.773418384 5849405.768375691
6.747747747747753 5850960.952918609 5850960.952918609 5850960.95846724 5850960.953460318
6.76576576576576 5852516.143050318 5852516.14305032 5852516.148576117 5852516.143604659
6.783783783783788 5854071.338221665 5854071.338221666 5854071.343724759 5854071.338788452
6.801801801801805 5855626.538412506 5855626.538412507 5855626.543893026 5855626.538991547
6.819819819819823 5857181.743602813 5857181.743602814 5857181.749060886 5857181.744193912
6.837837837837839 5858736.953772666 5858736.953772667 5858736.959208419 5858736.954375614
6.855855855855857 5860292.168902255 5860292.168902257 5860292.174315815 5860292.169516838
6.873873873873874 5861847.388971877 5861847.388971877 5861847.394363368 5861847.389597871
6.891891891891891 5863402.613961943 5863402.613961944 5863402.619331488 5863402.614599119
6.909909909909909 5864957.843852965 5864957.843852965 5864957.849200687 5864957.844501079
6.927927927927926 5866513.078625563 5866513.078625564 5866513.083951589 5866513.079284374
6.945945945945944 5868068.318260466 5868068.318260465 5868068.323564913 5868068.318929715
6.963963963963961 5869623.562738506 5869623.562738506 5869623.568021499 5869623.56341793
6.981981981981979 5871178.81204062 5871178.81204062 5871178.817302274 5871178.812729945
6.999999999999996 5872734.066147852 5872734.066147851 5872734.071388286 5872734.066846799
7.018018018018023 5874289.325041344 5874289.325041344 5874289.33026068 5874289.325749626
7.03603603603604 5875844.588702346 5875844.588702345 5875844.593900697 5875844.589419664
7.054054054054058 5877399.857112207 5877399.857112207 5877399.862289692 5877399.857838256
7.072072072072075 5878955.13025238 5878955.130252378 5878955.135409111 5878955.130986843
7.090090090090093 5880510.408104415 5880510.408104415 5880510.41324051 5880510.408846974
7.10810810810811 5882065.690649968 5882065.690649968 5882065.695765539 5882065.691400291
7.126126126126128 5883620.977870787 5883620.977870787 5883620.982965947 5883620.978628535
7.144144144144144 5885176.269748729 5885176.269748728 5885176.274823588 5885176.270513551
7.162162162162161 5886731.566265738 5886731.566265739 5886731.571320412 5886731.56703728
7.180180180180179 5888286.867403865 5888286.867403865 5888286.87243846 5888286.86818176
7.198198198198196 5889842.173145253 5889842.173145253 5889842.178159881 5889842.17392913
7.216216216216214 5891397.483472143 5891397.483472142 5891397.488466911 5891397.484261616
7.234234234234231 5892952.798366874 5892952.798366874 5892952.803341891 5892952.799161554
7.252252252252249 5894508.117811876 5894508.117811874 5894508.122767248 5894508.118611361
7.270270270270266 5896063.441789676 5896063.441789675 5896063.44672551 5896063.442593558
7.288288288288293 5897618.770282896 5897618.770282894 5897618.775199298 5897618.771090757
7.30630630630631 5899174.103274249 5899174.103274248 5899174.108171325 5899174.104085663
7.324324324324328 5900729.440746544 5900729.440746543 5900729.445624397 5900729.441561077
7.342342342342345 5902284.782682678 5902284.782682676 5902284.78754141 5902284.783499884
7.360360360360363 5903840.129065644 5903840.129065641 5903840.13390536 5903840.129885071
7.37837837837838 5905395.479878524 5905395.479878522 5905395.484699325 5905395.480699711
7.396396396396398 5906950.835104492 5906950.83510449 5906950.839906478 5906950.835926968
7.414414414414415 5908506.194726809 5908506.194726806 5908506.199510082 5908506.195550092
7.432432432432432 5910061.558728829 5910061.558728825 5910061.563493488 5910061.559552432
7.450450450450449 5911616.927093993 5911616.92709399 5911616.931840138 5911616.927917417
7.468468468468466 5913172.299805829 5913172.299805827 5913172.304533559 5913172.30062857
7.486486486486484 5914727.676847955 5914727.676847952 5914727.681557366 5914727.677669494
7.504504504504501 5916283.058204076 5916283.058204074 5916283.062895266 5916283.059023892
7.522522522522519 5917838.443857982 5917838.44385798 5917838.448531046 5917838.444675537
7.540540540540536 5919393.83379355 5919393.833793548 5919393.838448584 5919393.834608303
7.558558558558564 5920949.227994744 5920949.227994742 5920949.232631844 5920949.228806143
7.576576576576581 5922504.626445609 5922504.626445608 5922504.631064868 5922504.627253092
7.594594594594598 5924060.029130276 5924060.029130274 5924060.033731788 5924060.029933274
7.612612612612615 5925615.436032964 5925615.436032961 5925615.440616821 5925615.436830895
7.630630630630633 5927170.847137971 5927170.84713797 5927170.851704267 5927170.847930248
7.64864864864865 5928726.262429677 5928726.262429674 5928726.266978501 5928726.263215701
7.666666666666668 5930281.681892549 5930281.681892548 5930281.686423996 5930281.682671715
7.684684684684685 5931837.105511131 5931837.10551113 5931837.110025289 5931837.106282819
7.702702702702703 5933392.53327005 5933392.533270048 5933392.537767008 5933392.534033637
7.72072072072072 5934947.965154015 5934947.965154013 5934947.969633863 5934947.965908865
7.738738738738737 5936503.401147814 5936503.401147811 5936503.40561064 5936503.401893282
7.756756756756754 5938058.841236315 5938058.841236313 5938058.845682208 5938058.841971749
7.774774774774771 5939614.285404465 5939614.285404462 5939614.28983351 5939614.2861292
7.792792792792789 5941169.73363729 5941169.733637288 5941169.738049577 5941169.734350655
7.810810810810806 5942725.185919893 5942725.185919891 5942725.190315505 5942725.186621208
7.828828828828834 5944280.642237457 5944280.642237455 5944280.64661648 5944280.642926029
7.846846846846852 5945836.10257524 5945836.102575237 5945836.10693776 5945836.103250369
7.864864864864868 5947391.566918578 5947391.566918575 5947391.57126468 5947391.567579554
7.882882882882886 5948947.035252884 5948947.035252883 5948947.03958265 5948947.035898991
7.900900900900903 5950502.507563645 5950502.507563644 5950502.511877159 5950502.50819415
7.91891891891892 5952057.983836423 5952057.983836421 5952057.988133767 5952057.984450591
7.936936936936938 5953613.464056858 5953613.464056857 5953613.468338113 5953613.464653939
7.954954954954955 5955168.94821066 5955168.948210659 5955168.95247591 5955168.948789899
7.972972972972973 5956724.436283617 5956724.436283616 5956724.440532941 5956724.436844248
7.99099099099099 5958279.928261588 5958279.928261587 5958279.932495067 5958279.928802836
8.009009009009008 5959835.424130506 5959835.424130504 5959835.428348217 5959835.424651581
8.027027027027025 5961390.923876374 5961390.923876374 5961390.928078404 5961390.924376487
8.045045045045041 5962946.427485271 5962946.427485269 5962946.431671691 5962946.427963614
8.063063063063058 5964501.934943344 5964501.934943343 5964501.939114236 5964501.935399106
8.081081081081077 5966057.446236814 5966057.446236813 5966057.450392255 5966057.44666917
8.099099099099105 5967612.961351971 5967612.961351969 5967612.965492037 5967612.961760088
8.117117117117122 5969168.480275176 5969168.480275175 5969168.484399944 5969168.480658213
8.135135135135139 5970724.002992857 5970724.002992855 5970724.007102405 5970724.003349963
8.153153153153156 5972279.529491517 5972279.529491515 5972279.533585917 5972279.529821828
8.171171171171174 5973835.059757724 5973835.059757722 5973835.063837054 5973835.060060368
8.189189189189191 5975390.593778113 5975390.593778111 5975390.597842446 5975390.594052213
8.207207207207208 5976946.131539391 5976946.131539389 5976946.135588802 5976946.131784057
8.225225225225225 5978501.673028332 5978501.67302833 5978501.677062894 5978501.673242661
8.243243243243242 5980057.218231773 5980057.21823177 5980057.222251559 5980057.218414857
8.261261261261261 5981612.767136623 5981612.76713662 5981612.771141706 5981612.767287545
8.279279279279278 5983168.319729853 5983168.319729852 5983168.323720307 5983168.319847685
8.297297297297295 5984723.875998507 5984723.875998504 5984723.879974401 5984723.876082308
8.315315315315312 5986279.435929685 5986279.435929681 5986279.43989109 5986279.435978508
8.33333333333333 5987834.999510559 5987834.999510556 5987835.003457547 5987834.999523448
8.351351351351347 5989390.566728362 5989390.566728358 5989390.570661002 5989390.566704348
8.369369369369375 5990946.137570395 5990946.137570391 5990946.141488759 5990946.137508505
8.387387387387392 5992501.712024019 5992501.712024015 5992501.715928175 5992501.711923264
8.405405405405409 5994057.290076661 5994057.290076658 5994057.293966677 5994057.289936045
8.423423423423426 5995612.871715811 5995612.871715808 5995612.875591759 5995612.871534331
8.441441441441444 5997168.45692902 5997168.456929018 5997168.460790965 5997168.456705661
8.459459459459461 5998724.045703903 5998724.0457039 5998724.049551913 5998724.045437639
8.477477477477478 6000279.638028137 6000279.638028134 6000279.641862278 6000279.637717933
8.495495495495495 6001835.233889461 6001835.233889457 6001835.2377098 6001835.233534273
8.513513513513512 6003390.833275671 6003390.833275666 6003390.837082274 6003390.832874447
8.531531531531531 6004946.436174629 6004946.436174626 6004946.439967564 6004946.435726305
8.549549549549548 6006502.042574257 6006502.042574253 6006502.046353588 6006502.04207776
8.567567567567565 6008057.652462533 6008057.652462529 6008057.656228324 6008057.65191678
8.585585585585582 6009613.265827498 6009613.265827495 6009613.269579816 6009613.265231398
8.603603603603601 6011168.882657253 6011168.882657249 6011168.886396159 6011168.882009704
8.621621621621617 6012724.502939955 6012724.502939952 6012724.506665515 6012724.502239845
8.639639639639645 6014280.126663822 6014280.126663818 6014280.130376099 6014280.12591003
8.657657657657662 6015835.753817127 6015835.753817125 6015835.757516185 6015835.753008522
8.675675675675679 6017391.384388207 6017391.384388203 6017391.388074104 6017391.383523647
8.693693693693696 6018947.018365448 6018947.018365445 6018947.022038249 6018947.017443785
8.711711711711715 6020502.655737302 6020502.655737299 6020502.659397069 6020502.654757374
8.729729729729732 6022058.296492272 6022058.296492268 6022058.300139065 6022058.29545291
8.747747747747749 6023613.940618919 6023613.940618916 6023613.944252801 6023613.939518946
8.765765765765765 6025169.588105859 6025169.588105856 6025169.591726889 6025169.586944086
8.783783783783784 6026725.238941767 6026725.238941764 6026725.242550005 6026725.237716993
8.801801801801801 6028280.893115371 6028280.893115367 6028280.896710875 6028280.891826388
8.819819819819818 6029836.550615453 6029836.55061545 6029836.554198286 6029836.549261047
8.837837837837835 6031392.211430853 6031392.21143085 6031392.215001072 6031392.210009794
8.855855855855852 6032947.875550462 6032947.875550458 6032947.879108125 6032947.874061511
8.873873873873871 6034503.542963229 6034503.542963224 6034503.546508394 6034503.541405139
8.891891891891888 6036059.213658151 6036059.213658148 6036059.21719088 6036059.212029669
8.909909909909915 6037614.887624286 6037614.887624284 6037614.891144634 6037614.885924145
8.927927927927932 6039170.564850738 6039170.564850734 6039170.568358759 6039170.563077659
8.945945945945949 6040726.245326666 6040726.245326662 6040726.248822421 6040726.243479365
8.963963963963966 6042281.929041284 6042281.929041281 6042281.932524829 6042281.92711847
8.981981981981985 6043837.615983856 6043837.615983852 6043837.619455246 6043837.613984221
9.000000000000002 6045393.306143697 6045393.306143694 6045393.309602987 6045393.304065927
