0.01923076923076923 607071.2130707164 607071.2130707164 607071.2132056794 607071.1341002049
0.03846153846153846 1214125.292820725 1214125.292820725 1214125.293380756 1214125.205895351
0.0576923076923077 1821156.322602111 1821156.32260211 1821156.323916908 1821156.235586891
0.07692307692307693 2428154.722151215 2428154.722151215 2428154.724605116 2428154.645154582
0.09615384615384616 3035104.825943073 3035104.825943073 3035104.829992349 3035104.772394956
0.1153846153846154 3641977.573968796 3641977.573968797 3641977.58014425 3641977.562340297
0.1346153846153846 4248707.178834222 4248707.178834222 4248707.187556022 4248707.233819015
0.1538461538461539 4855076.316490676 4855076.316490675 4855076.324661811 4855076.43062339
0.1730769230769231 5460360.682451647 5460360.682451651 5460360.641544336 5460360.391255618
0.1923076923076923 6066429.223572625 6066429.223572628 6066429.188387333 6066429.244166859
0.2115384615384616 6673073.267944951 6673073.267944955 6673073.234995928 6673073.399846478
0.2307692307692308 7279906.225793271 7279906.225793275 7279906.192687836 7279906.393747711
0.25 7886833.338030455 7886833.338030458 7886833.304131377 7886833.510592203
0.2692307692307693 8493816.875553226 8493816.875553228 8493816.840871925 8493817.036887823
0.2884615384615385 9100837.666401645 9100837.666401651 9100837.631236376 9100837.807803374
0.3076923076923077 9707884.438947069 9707884.438947069 9707884.403739199 9707884.555533387
0.3269230769230769 10314949.86328609 10314949.8632861 10314949.82855186 10314949.95247145
0.3461538461538461 10922028.7866924 10922028.78669241 10922028.75298316 10922028.84739697
0.3653846153846154 11529117.33920215 11529117.33920215 11529117.3070743 11529117.37140543
0.3846153846153846 12136212.43168194 12136212.43168194 12136212.40166649 12136212.43615305
0.4038461538461539 12743311.44676421 12743311.44676421 12743311.41932927 12743311.42488797
0.4230769230769231 13350412.02860992 13350412.02860992 13350412.00411016 13350411.98226593
0.4423076923076923 13957511.92149652 13957511.92149652 13957511.90010379 13957511.85296734
0.4615384615384616 14564608.82594358 14564608.82594358 14564608.80755406 14564608.7378397
0.4807692307692308 15171700.24725247 15171700.24725247 15171700.23136811 15171700.14245162
0.5 15778783.30870809 15778783.30870809 15778783.29429515 15778783.19031833
0.5192307692307693 16385854.48869938 16385854.48869938 16385854.47403144 16385854.36006841
0.5384615384615385 16992909.20925428 16992909.20925428 16992909.19174765 16992909.07406085
0.5576923076923077 17599941.12883813 17599941.12883812 17599941.10487838 17599940.99131386
0.576923076923077 18206940.80386532 18206940.80386532 18206940.76861268 18206940.669221
0.5961538461538461 18813892.84461963 18813892.84461964 18813892.79181073 18813892.71982948
0.6153846153846154 19420768.84400526 19420768.84400526 19420768.76609139 19420768.73935011
0.6346153846153846 20027505.03063536 20027505.03063537 20027504.92235534 20027504.9631017
0.6538461538461539 20633894.36560823 20633894.36560823 20633894.27497457 20633894.36235663
0.673076923076923 21239200.41561902 21239200.41561901 21239200.77197592 21239200.30842952
0.6923076923076923 21845231.90474509 21845231.90474509 21845231.95722018 21845231.86145742
0.7115384615384615 22451866.50986614 22451866.50986616 22451866.46193246 22451866.50729452
0.7307692307692308 23058695.34210328 23058695.34210329 23058695.26094911 23058695.35875366
0.75 23665620.14340246 23665620.14340248 23665620.05567498 23665620.16908036
0.7692307692307693 24272602.21455581 24272602.21455582 24272602.13341755 24272602.24368106
0.7884615384615384 24879622.00749043 24879622.00749044 24879621.94018586 24879622.0367155
0.8076923076923077 25486668.07389762 25486668.07389763 25486668.02456782 25486668.10110035
0.8269230769230769 26093732.99012635 26093732.99012637 26093732.96105928 26093733.01391529
0.8461538461538463 26700811.54958406 26700811.54958408 26700811.54183584 26700811.56902668
0.8653846153846154 27307899.84984509 27307899.84984511 27307899.86357076 27307899.86430586
0.8846153846153847 27914994.78192982 27914994.78192984 27914994.81656452 27914994.79096807
0.9038461538461539 28522093.71678454 28522093.71678456 28522093.77114078 28522093.72008881
0.9230769230769231 29129194.29276147 29129194.29276149 29129194.3650747 29129194.2901083
0.9423076923076923 29736294.25316896 29736294.25316899 29736294.34110731 29736294.24439996
0.9615384615384616 30343391.30223024 30343391.30223026 30343391.40287498 30343391.28724417
0.9807692307692307 30950482.95426965 30950482.95426968 30950483.06406647 30950482.93302807
1 31557566.34860142 31557566.34860145 31557566.46327673 31557566.32114761
1.019230769230769 32164637.99002455 32164637.99002457 32164638.10445449 32164637.95651769
1.038461538461539 32771693.34392985 32771693.34392987 32771693.45194058 32771693.30469878
1.057692307692308 33378726.14248401 33378726.14248404 33378726.23654823 33378726.09811072
1.076923076923077 33985727.07586683 33985727.07586686 33985727.14664647 33985727.02732264
1.096153846153846 34592681.02321528 34592681.02321532 34592681.05891678 34592680.97210796
1.115384615384615 35199560.20983137 35199560.2098314 35199560.19567303 35199560.15894855
1.134615384615385 35806302.79514344 35806302.79514347 35806302.71673726 35806302.75016426
1.153846153846154 36412711.38086335 36412711.38086338 36412711.2944151 36412711.36234688
1.173076923076923 37018042.73095491 37018042.73095493 37018043.61901136 37018042.94259572
1.192307692307692 37624035.36054026 37624035.36054031 37624035.83951399 37624035.5920572
1.211538461538461 38230660.19902261 38230660.19902264 38230660.48270568 38230660.41033841
1.230769230769231 38837484.81248756 38837484.81248761 38837485.00728972 38837485.00410511
1.25 39444407.26333769 39444407.26333773 39444407.41346132 39444407.43622003
1.269230769230769 40051387.84731948 40051387.84731951 40051387.97537746 40051388.00231157
1.288461538461538 40658406.62979335 40658406.62979338 40658406.74880629 40658406.76768092
1.307692307692308 41265451.98173856 41265451.9817386 41265452.09971076 41265452.10329628
1.326923076923077 41872516.38391738 41872516.38391742 41872516.50591294 41872516.48993716
1.346153846153846 42479594.57492244 42479594.57492246 42479594.70412447 42479594.66623148
1.365384615384615 43086682.61932548 43086682.61932551 43086682.75762204 43086682.69679997
1.384615384615385 43693777.38796201 43693777.38796204 43693777.53628722 43693777.45253937
1.403846153846154 44300876.2398578 44300876.23985782 44300876.39839498 44300876.29254936
1.423076923076923 44907976.80737346 44907976.80737349 44907976.97567362 44907976.84927918
1.442307692307692 45515076.83268385 45515076.83268386 45515077.00972668 45515076.86500976
1.461538461538462 46122174.02354296 46122174.02354296 46122174.20775422 46122174.04762331
1.480769230769231 46729265.90308736 46729265.90308736 46729266.09231719 46729265.92041291
1.5 47336349.62636869 47336349.62636872 47336349.81782892 47336349.63862383
1.519230769230769 47943421.72414713 47943421.72414713 47943421.9142983 47943421.73325899
1.538461538461539 48550477.70441899 48550477.70441901 48550477.88878793 48550477.71262362
1.557692307692308 49157511.3716505 49157511.37165052 49157511.5445433 49157511.38158045
1.576923076923077 49764513.54689533 49764513.54689535 49764513.70094755 49764513.561689
1.596153846153846 50371469.37126958 50371469.37126959 50371469.49675033 50371469.39466546
1.615384615384615 50978351.68238696 50978351.68238696 50978351.76629346 50978351.718551
1.634615384615385 51585100.48845925 51585100.48845926 51585100.5153505 51585100.53969608
1.653846153846154 52191527.42582665 52191527.42582666 52191527.41836454 52191527.46578062
1.673076923076923 52796887.54584655 52796887.54584651 52796888.22859467 52796887.34158009
1.692307692307693 53402839.57395287 53402839.57395285 53402839.97122546 53402839.57184459
1.711538461538462 54009454.31506372 54009454.31506371 54009454.55792221 54009454.36963318
1.730769230769231 54616274.62056448 54616274.62056448 54616274.79066654 54616274.68881848
1.75 55223194.68498295 55223194.68498295 55223194.81701297 55223194.75158785
1.769230769230769 55830173.76375538 55830173.76375538 55830173.87593114 55830173.82200515
1.788461538461539 56437191.52538777 56437191.52538776 56437191.62856913 56437191.57220981
1.807692307692308 57044236.15626701 57044236.15626702 57044236.25744705 57044236.1904321
1.826923076923077 57651300.03983702 57651300.03983703 57651300.14373424 57651300.0611843
1.846153846153846 58258377.85900232 58258377.85900231 58258377.96887871 58258377.86806132
1.865384615384615 58865465.64484603 58865465.64484604 58865465.76296373 58865465.64263863
1.884615384615385 59472560.24772212 59472560.24772212 59472560.37561306 59472560.23565605
1.903846153846154 60079659.01453529 60079659.01453529 60079659.15316515 60079658.99434936
1.923076923076923 60686759.57150073 60686759.57150074 60686759.72136794 60686759.54524213
1.942307692307692 61293859.65952156 61293859.65952158 61293859.82071242 61293859.62954613
1.961538461538461 61900956.98973507 61900956.98973509 61900957.16194536 61900956.95872621
1.980769230769231 62508049.09390575 62508049.09390578 62508049.27643242 62508049.0649109
2 63115133.1425612 63115133.14256123 63115133.33426204 63115133.11904723
2.019230769230769 63722205.69201311 63722205.69201312 63722205.89122633 63722205.67794364
2.038461538461538 64329262.29216404 64329262.29216408 64329262.49657045 64329262.29210277
2.057692307692307 64936296.81847516 64936296.81847519 64936297.02486917 64936296.83771528
2.076923076923077 65543300.22017042 65543300.22017045 65543300.42407504 65543300.26486824
2.096153846153846 66150257.89390236 66150257.89390238 66150258.08889121 66150257.97107761
2.115384615384615 66757143.27079097 66757143.27079096 66757143.44721901 66757143.38743494
2.134615384615385 67363898.13159502 67363898.13159502 67363898.27417427 67363898.28771587
2.153846153846154 67970342.593215 67970342.59321499 67970342.68136787 67970342.70705284
2.173076923076923 68575734.84852557 68575734.84852554 68575735.00197774 68575733.90902905
2.192307692307693 69181644.58278278 69181644.58278279 69181644.60509954 69181644.05347334
2.211538461538462 69788248.87002505 69788248.87002505 69788248.84537236 69788248.54301651
2.230769230769231 70395064.77178448 70395064.77178451 70395064.73735857 70395064.53923206
2.25 71001982.41084307 71001982.41084307 71001982.38262258 71001982.23153029
2.269230769230769 71608959.96464446 71608959.96464446 71608959.9511735 71608959.81890258
2.288461538461538 72215976.69389546 72215976.69389544 72215976.70033689 72215976.57120293
2.307692307692308 72823020.59626691 72823020.5962669 72823020.62594962 72823020.49071215
2.326923076923077 73430083.95604488 73430083.95604488 73430084.01114947 73430083.86430825
2.346153846153846 74037161.39952093 74037161.39952092 74037161.48139773 74037161.31983517
2.365384615384615 74644248.92377961 74644248.92377959 74644249.03307909 74644248.85531993
2.384615384615385 75251343.35838945 75251343.35838942 75251343.49507818 75251343.3008647
2.403846153846154 75858442.03793885 75858442.03793883 75858442.20123595 75858441.99127974
2.423076923076923 76465542.58235998 76465542.58235998 76465542.77061638 76465542.54645833
2.442307692307692 77072642.73117413 77072642.73117413 77072642.94171615 77072642.7056597
2.461538461538462 77679740.1987962 77679740.1987962 77679740.42775701 77679740.18285728
2.480769230769231 78286832.52549373 78286832.52549373 78286832.76764946 78286832.51775222
2.5 78893916.89709321 78893916.89709319 78893917.14570194 78893916.8955341
2.519230769230769 79500989.8951721 79500989.8951721 79500990.14178368 79500989.89710526
2.538461538461538 80108047.1110311 80108047.11103109 80108047.34520762 80108047.11304311
2.557692307692307 80715082.4901406 80715082.49014059 80715082.69900745 80715082.48798446
2.576923076923077 81322087.10777557 81322087.10777554 81322087.27532078 81322087.09614235
2.596153846153846 81929046.61090325 81929046.61090322 81929046.71702786 81929046.58302964
2.615384615384615 82535935.00844589 82535935.00844586 82535935.02849004 82535934.95565248
2.634615384615385 83142695.78851798 83142695.78851792 83142695.70028946 83142695.70134351
2.653846153846154 83749157.06880899 83749157.06880896 83749156.96438606 83749156.96701127
2.673076923076923 84354584.82024178 84354584.82024175 84354586.59532364 84354585.3039889
2.692307692307692 84960450.52093765 84960450.52093759 84960451.47492884 84960450.77063094
2.711538461538461 85567043.92885937 85567043.92885932 85567044.45154126 85567044.0370201
2.73076923076923 86173855.30690882 86173855.30690877 86173855.64263488 86173855.35067438
2.75 86780770.46916068 86780770.46916063 86780770.71482058 86780770.48063163
2.769230769230769 87387746.47054276 87387746.4705427 87387746.6744009 87387746.46634597
2.788461538461538 87994762.15069994 87994762.15069987 87994762.34000461 87994762.14059341
2.807692307692307 88601805.31344002 88601805.31343995 88601805.50461541 88601805.30356455
2.826923076923077 89208868.14151852 89208868.14151847 89208868.3446936 89208868.13586909
2.846153846153846 89815945.20337491 89815945.20337486 89815945.42466135 89815945.2045525
2.865384615384615 90423032.4613795 90423032.46137944 90423032.70411861 90423032.47100922
2.884615384615384 91030126.7238619 91030126.72386184 91030126.98934501 91030126.74283804
2.903846153846154 91637225.31277648 91637225.3127764 91637225.60067062 91637225.34140995
2.923076923076923 92244325.84152265 92244325.84152262 92244326.15011671 92244325.87962811
2.942307692307693 92851426.04801595 92851426.04801589 92851426.37434518 92851426.09495689
2.961538461538462 93458523.64971884 93458523.64971878 93458523.98959756 93458523.70442098
2.980769230769231 94065616.19513322 94065616.19513316 94065616.54310603 94065616.25606787
3 94672700.88503247 94672700.88503242 94672701.2342414 94672700.95016819
3.019230769230769 95279774.32574731 95279774.32574722 95279774.66769895 95279774.39246167
3.038461538461538 95886832.14915206 95886832.149152 95886832.4733531 95886832.21408662
3.057692307692308 96493868.36925715 96493868.36925708 96493868.66266613 96493868.42808472
3.076923076923077 97100874.1844568 97100874.18445668 97100874.43068661 97100874.23150456
3.096153846153846 97707835.48528986 97707835.48528975 97707835.66356041 97707835.5129198
3.115384615384615 98314726.83954278 98314726.83954267 98314726.92406878 98314726.83717833
3.134615384615385 98921493.36959395 98921493.36959387 98921493.33617149 98921493.32309274
3.153846153846154 99527970.69678546 99527970.69678541 99527970.62908886 99527970.60724175
3.173076923076923 100133436.8274609 100133436.827461 100133438.7572122 100133437.2783082
3.192307692307692 100739257.2656152 100739257.2656152 100739258.4433106 100739257.5857911
3.211538461538462 101345839.4191524 101345839.4191524 101345840.1257952 101345839.6010552
3.230769230769231 101952646.1797441 101952646.1797441 101952646.6756672 101952646.2923766
3.25 102559558.8289822 102559558.8289821 102559559.2171303 102559558.9024689
3.269230769230769 103166533.2602721 103166533.2602721 103166533.5919429 103166533.3107105
3.288461538461538 103773547.8813132 103773547.8813131 103773548.1856427 103773547.9184895
3.307692307692307 104380590.2980728 104380590.2980727 104380590.5928655 104380590.3284413
3.326923076923077 104987652.5900436 104987652.5900435 104987652.886566 104987652.618091
3.346153846153846 105594729.2669569 105594729.2669567 105594729.5723425 105594729.2959058
3.365384615384616 106201816.2560002 106201816.2560001 106201816.5745648 106201816.2882037
3.384615384615385 106808910.3439823 106808910.3439822 106808910.6779849 106808910.3811578
3.403846153846154 107416008.8400357 107416008.8400356 107416009.1901314 107416008.8834088
3.423076923076923 108023109.3508853 108023109.3508851 108023109.7163919 108023109.4012772
3.442307692307693 108630209.6127141 108630209.6127139 108630209.991755 108630209.6705928
3.461538461538462 109237307.3458969 109237307.3458968 109237307.7354518 109237307.4113986
3.480769230769231 109844400.1069984 109844400.1069983 109844400.5028753 109844400.1799249
3.5 110451485.1114916 110451485.1114915 110451485.5082186 110451485.1912794
3.51923076923077 111058558.9900685 111058558.9900683 111058559.3806931 111058559.0757239
3.538461538461539 111665617.4145059 111665617.4145057 111665617.7902716 111665617.5044872
3.557692307692308 112272654.466109 112272654.4661089 112272654.815959 112272654.5581194
3.576923076923077 112879661.4638408 112879661.4638406 112879661.7736793 112879661.5544538
3.596153846153846 113486624.535844 113486624.5358438 113486624.7875118 113486624.6197699
3.615384615384615 114093518.7918141 114093518.7918139 114093518.9622146 114093518.8602848
3.634615384615385 114700290.9226167 114700290.9226165 114700290.9879323 114700290.9591136
3.653846153846154 115306783.6080997 115306783.6080995 115306783.621913 115306783.5741214
3.673076923076923 115912290.7263394 115912290.7263396 115912292.3316817 115912290.6794555
3.692307692307693 116518064.8801516 116518064.8801516 116518065.8890841 116518064.8776524
3.711538461538462 117124635.3624038 117124635.3624038 117124635.9525017 117124635.3195331
3.730769230769231 117731437.4006152 117731437.4006152 117731437.8043017 117731437.3322439
3.75 118338347.4957468 118338347.4957468 118338347.8047203 118338347.4122643
3.769230769230769 118945320.3366342 118945320.3366341 118945320.5967687 118945320.2450106
3.788461538461538 119552333.8869657 119552333.8869657 119552334.1245373 119552333.7922146
3.807692307692307 120159375.5504225 120159375.5504225 120159375.7816926 120159375.4563656
3.826923076923077 120766437.3012803 120766437.3012802 120766437.5367282 120766437.21096
3.846153846153846 121373513.5895874 121373513.5895874 121373513.8360318 121373513.5055046
3.865384615384615 121980600.3068117 121980600.3068116 121980600.5685684 121980600.2310681
3.884615384615385 122587694.2179174 122587694.2179173 122587694.497468 122587694.152304
3.903846153846154 123194792.6190002 123194792.6190001 123194792.9173861 123194792.5650498
3.923076923076923 123801893.1099498 123801893.1099496 123801893.4269974 123801893.0689636
3.942307692307692 124408993.4250782 124408993.425078 124408993.7595112 124408993.398132
3.961538461538461 125016091.2875301 125016091.28753 125016091.6369929 125016091.2754596
3.98076923076923 125623184.2617616 125623184.2617614 125623184.6227654 125623184.2651252
4 126230269.5777071 126230269.577707 126230269.9454972 126230269.5967229
4.019230769230769 126837343.8900533 126837343.8900531 126837344.2583843 126837343.9245
4.038461538461538 127444402.909859 127444402.9098588 127444403.2706573 127444402.9589283
4.057692307692307 128051440.7845757 128051440.7845755 128051441.1274476 128051440.8466401
4.076923076923077 128658448.951378 128658448.9513778 128658449.2629108 128658449.0235948
4.096153846153846 129265413.7704782 129265413.770478 129265414.0333092 129265413.8480062
4.115384615384615 129872310.8777342 129872310.8777339 129872311.069799 129872310.9518566
4.134615384615384 130479088.4716336 130479088.4716334 130479088.5699675 130479088.5238384
4.153846153846154 131085595.8843407 131085595.8843406 131085595.9308208 131085595.8555719
4.173076923076923 131691146.2397681 131691146.2397685 131691147.5834538 131691145.7754157
4.192307692307693 132296873.4164461 132296873.4164464 132296874.1657118 132296872.9995158
4.211538461538462 132903431.7745693 132903431.7745694 132903432.1514133 132903431.4122486
4.230769230769231 133510228.9769746 133510228.9769746 133510229.2107632 133510228.6525599
4.25 134117136.4732697 134117136.4732697 134117136.6506358 134117136.1831159
4.269230769230769 134724107.7013678 134724107.7013677 134724107.864164 134724107.4445766
4.288461538461538 135331120.1680021 135331120.168002 135331120.3392271 135331119.9443444
4.307692307692308 135938161.0697957 135938161.0697955 135938161.2628506 135938160.879121
4.326923076923077 136545222.2737052 136545222.2737051 136545222.4963987 136545222.1157182
4.346153846153847 137152298.1690474 137152298.1690473 137152298.4255509 137152298.043189
4.365384615384615 137759384.6109937 137759384.6109935 137759384.9028679 137759384.516355
4.384615384615385 138366478.3423201 138366478.3423199 138366478.669074 138366478.277566
4.403846153846153 138973576.6458636 138973576.6458634 138973577.0052597 138973576.609164
4.423076923076923 139580677.11452 139580677.1145197 139580677.5027361 139580677.1034924
4.442307692307692 140187777.4806007 140187777.4806005 140187777.8923045 140187777.4922647
4.461538461538462 140794875.4698951 140794875.4698949 140794875.8982565 140794875.5006362
4.480769230769231 141401968.6546029 141401968.6546026 141401969.0912492 141401968.7001359
4.5 142009054.2789184 142009054.2789181 142009054.7138166 142009054.3342305
4.519230769230769 142616129.0212089 142616129.0212087 142616129.4424501 142616129.0804588
4.538461538461538 143223188.6312802 143223188.6312799 143223189.0247299 143223188.6876203
4.557692307692307 143830227.3217295 143830227.3217293 143830227.6705027 143830227.367009
4.576923076923077 144437236.6458704 144437236.6458702 144437236.9296134 144437236.670154
4.596153846153846 145044203.1910756 145044203.1910754 145044203.3852291 145044203.1819061
4.615384615384616 145651103.1052877 145651103.1052875 145651103.1816807 145651103.0467661
4.634615384615385 146257886.0400005 146257886.0400002 146257885.9786249 146257885.9136522
4.653846153846154 146864407.6173348 146864407.6173345 146864407.5394123 146864407.4351689
4.673076923076923 147470003.1384856 147470003.1384862 147470005.7327068 147470003.7890586
4.692307692307693 148075682.9939868 148075682.9939871 148075684.7735088 148075683.4515144
4.711538461538462 148682228.7114625 148682228.7114626 148682229.7566342 148682228.9133463
4.730769230769231 149289020.944724 149289020.9447239 149289021.6757914 149289021.0341232
4.75 149895925.7874081 149895925.787408 149895926.3604736 149895925.8206735
4.769230769230769 150502895.3741617 150502895.3741616 150502895.8639258 150502895.3792497
4.788461538461538 151109906.7399446 151109906.7399445 151109907.1874925 151109906.7326955
4.807692307692307 151716946.8687545 151716946.8687543 151716947.2984257 151716946.8588234
4.826923076923077 152324007.5177214 152324007.5177212 152324007.9443822 152324007.5111938
4.846153846153846 152931083.0141428 152931083.0141425 152931083.4467657 152931083.0148433
4.865384615384615 153538169.1761606 153538169.1761604 153538169.6197544 153538169.1863689
4.884615384615384 154145262.7239039 154145262.7239036 154145263.1806178 154145262.744768
4.903846153846153 154752360.926634 154752360.9266337 154752361.3964109 154752360.9584158
4.923076923076923 155359461.3700094 155359461.370009 155359461.850969 155359461.4122273
4.942307692307693 155966561.7841289 155966561.7841285 155966562.2727772 155966561.8356327
4.961538461538462 156573659.8972141 156573659.8972138 156573660.3885251 156573659.9562079
4.980769230769231 157180753.2889673 157180753.2889669 157180753.7763613 157180753.3529862
5 157787839.2175284 157787839.217528 157787839.6927514 157787839.2833697
