0.01923076923076923 607071.2130662653 607071.2130662653 607071.2135763953 607071.2465213524
0.03846153846153846 1214125.292795336 1214125.292795336 1214125.294857914 1214125.307757014
0.0576923076923077 1821156.322524415 1821156.322524415 1821156.327240963 1821156.310070856
0.07692307692307693 2428154.721966353 2428154.721966353 2428154.730541258 2428154.670138725
0.09615384615384616 3035104.825552986 3035104.825552987 3035104.83934576 3035104.717385415
0.1153846153846154 3641977.573178638 3641977.573178638 3641977.593709257 3641977.382479832
0.1346153846153846 4248707.177157925 4248707.177157924 4248707.205491064 4248706.858137909
0.1538461538461539 4855076.311957695 4855076.311957696 4855076.337750881 4855075.784511581
0.1730769230769231 5460360.675173586 5460360.675173585 5460360.563312615 5460360.722303797
0.1923076923076923 6066429.22142905 6066429.221429047 6066429.1356233 6066429.341795276
0.2115384615384616 6673073.26716258 6673073.267162578 6673073.185522383 6673073.346004574
0.2307692307692308 7279906.225657947 7279906.225657945 7279906.137631888 7279906.281781685
0.25 7886833.338308036 7886833.338308034 7886833.239841027 7886833.383188374
0.2692307692307693 8493816.876140464 8493816.876140462 8493816.76557962 8493816.916238695
0.2884615384615385 9100837.667243363 9100837.667243361 9100837.544065129 9100837.706304867
0.3076923076923077 9707884.440008055 9707884.440008054 9707884.304319043 9707884.480210179
0.3269230769230769 10314949.86453911 10314949.86453911 10314949.71684726 10314949.90707991
0.3461538461538461 10922028.78811202 10922028.78811202 10922028.62921149 10922028.83352973
0.3653846153846154 11529117.34076094 11529117.34076094 11529117.17167224 11529117.38911447
0.3846153846153846 12136212.43334748 12136212.43334748 12136212.25528816 12136212.48431956
0.4038461538461539 12743311.4484962 12743311.44849619 12743311.26287094 12743311.50144937
0.4230769230769231 13350412.03035686 13350412.03035685 13350411.83876191 13350412.08435788
0.4423076923076923 13957511.92319142 13957511.92319141 13957511.72743202 13957511.97701111
0.4615384615384616 14564608.82749811 14564608.8274981 14564608.62961968 14564608.87958878
0.4807692307692308 15171700.24854852 15171700.24854852 15171700.05088487 15171700.2969965
0.5 15778783.30958542 15778783.30958541 15778783.11483024 15778783.35203146
0.5192307692307693 16385854.48893636 16385854.48893635 16385854.30024908 16385854.52244868
0.5384615384615385 16992909.20853634 16992909.20853633 16992909.02970151 16992909.2294067
0.5576923076923077 17599941.12670114 17599941.12670113 17599940.96237557 17599941.13010436
0.576923076923077 18206940.79958294 18206940.79958293 18206940.65569282 18206940.77896974
0.5961538461538461 18813892.83694803 18813892.83694802 18813892.72134357 18813892.78285314
0.6153846153846154 19420768.83049012 19420768.8304901 19420768.75396285 19420768.72784651
0.6346153846153846 20027505.00511063 20027505.00511061 20027504.98165777 20027504.82586677
0.6538461538461539 20633894.30307598 20633894.30307595 20633894.31672989 20633893.98326732
0.673076923076923 21239200.30672508 21239200.30672504 21239199.70069926 21239200.23156329
0.6923076923076923 21845231.86759274 21845231.86759271 21845231.40353104 21845231.94049075
0.7115384615384615 22451866.49112917 22451866.49112913 22451866.11338745 22451866.5677131
0.7307692307692308 23058695.33149671 23058695.33149667 23058694.99004618 23058695.40524818
0.75 23665620.13746069 23665620.13746066 23665619.81034297 23665620.20822367
0.7692307692307693 24272602.21169573 24272602.2116957 24272601.88768004 24272602.27978428
0.7884615384615384 24879622.00685532 24879622.00685528 24879621.67972866 24879622.07249405
0.8076923076923077 25486668.07496955 25486668.07496952 25486667.74124946 25486668.1382601
0.8269230769230769 26093732.99256502 26093732.99256499 26093732.65043186 26093733.05351221
0.8461538461538463 26700811.55314908 26700811.55314904 26700811.20189278 26700811.61168465
0.8653846153846154 27307899.85435413 27307899.85435409 27307899.49406792 27307899.91035162
0.8846153846153847 27914994.7872336 27914994.78723357 27914994.41863941 27914994.84051539
0.9038461538461539 28522093.72275029 28522093.72275025 28522093.34710191 28522093.77308897
0.9230769230769231 29129194.29926051 29129194.29926047 29129193.91829792 29129194.34637547
0.9423076923076923 29736294.26006593 29736294.26006589 29736293.87600807 29736294.30361528
0.9615384615384616 30343391.30937193 30343391.30937188 30343390.92494373 30343391.34893928
0.9807692307692307 30950482.96147155 30950482.96147151 30950482.57996717 30950482.99654594
1 31557566.35562913 31557566.35562909 31557565.98101988 31557566.38557478
1.019230769230769 32164637.99656534 32164637.9965653 32164637.63366978 32164638.02057482
1.038461538461539 32771693.34954504 32771693.349545 32771693.00429329 32771693.3665636
1.057692307692308 33378726.14652224 33378726.1465222 33378725.8263729 33378726.15511657
1.076923076923077 33985727.07728933 33985727.07728929 33985726.79190683 33985727.07539886
1.096153846153846 34592681.02019586 34592681.0201958 34592680.78258117 34592681.00459938
1.115384615384615 35199560.19865779 35199560.19865774 35199560.02696117 35199560.16360629
1.134615384615385 35806302.76618889 35806302.76618882 35806302.68470254 35806302.69877336
1.153846153846154 36412711.29346122 36412711.29346117 36412711.28470995 36412711.14812844
1.173076923076923 37018042.52189255 37018042.52189253 37018041.46307 37018042.34094682
1.192307692307692 37624035.27941392 37624035.27941392 37624034.44190233 37624035.28707623
1.211538461538461 38230660.15411329 38230660.15411332 38230659.48062745 38230660.20418906
1.230769230769231 38837484.7841903 38837484.7841903 38837484.18854333 38837484.84944249
1.25 39444407.2448499 39444407.24484992 39444406.68873476 39444407.315444
1.269230769230769 40051387.83544793 40051387.83544795 40051387.29889183 40051387.90655591
1.288461538461538 40658406.62276284 40658406.62276285 40658406.09432894 40658406.69164478
1.307692307692308 41265451.97844838 41265451.9784484 41265451.45131575 41265452.04343805
1.326923076923077 41872516.38362963 41872516.38362964 41872515.85376445 41872516.44369292
1.346153846153846 42479594.57711124 42479594.57711125 42479594.04231759 42479594.63162389
1.365384615384615 43086682.62359599 43086682.62359599 43086682.08298691 43086682.67222035
1.384615384615385 43693777.39400296 43693777.39400298 43693776.84769426 43693777.43661491
1.403846153846154 44300876.24741137 44300876.24741139 44300875.69634514 44300876.28405553
1.423076923076923 44907976.81621446 44907976.81621447 44907976.26206612 44907976.84707687
1.442307692307692 45515076.8426036 45515076.84260362 45515076.28774954 45515076.86799593
1.461538461538462 46122174.034335 46122174.03433501 46122173.4818717 46122174.05468772
1.480769230769231 46729265.9145323 46729265.91453231 46729265.36834738 46729265.93039555
1.5 47336349.6382154 47336349.63821541 47336349.10312027 47336349.65026736
1.519230769230769 47943421.73608544 47943421.73608545 47943421.21803176 47943421.74514913
1.538461538461539 48550477.71603534 48550477.71603535 48550477.22245669 48550477.72310543
1.557692307692308 49157511.38234738 49157511.3823474 49157510.9227031 49157511.38862815
1.576923076923077 49764513.55572887 49764513.55572887 49764513.14239218 49764513.56267887
1.596153846153846 50371469.37657466 50371469.37657467 50371469.02632402 50371469.38592223
1.615384615384615 50978351.68073872 50978351.68073872 50978351.41718432 50978351.69425243
1.634615384615385 51585100.47083057 51585100.47083058 51585100.32609572 51585100.48831332
1.653846153846154 52191527.35333213 52191527.35333218 52191527.31235815 52191527.3499651
1.673076923076923 52796887.3189982 52796887.31899819 52796885.87277634 52796887.07114355
1.692307692307693 53402839.47997897 53402839.47997894 53402838.28684975 53402839.417773
1.711538461538462 54009454.26147249 54009454.2614725 54009453.30255501 54009454.27074284
1.730769230769231 54616274.58580843 54616274.58580844 54616273.7438002 54616274.62502816
1.75 55223194.66151142 55223194.66151143 55223193.88391425 55223194.71373947
1.769230769230769 55830173.74799696 55830173.74799696 55830173.0071981 55830173.80453748
1.788461538461539 56437191.51534536 56437191.51534534 56437190.79528144 56437191.57118195
1.807692307692308 57044236.15069808 57044236.15069807 57044235.44152805 57044236.20277166
1.826923076923077 57651300.03790841 57651300.03790841 57651299.33353139 57651300.08433311
1.846153846153846 58258377.86012281 58258377.86012279 58258377.15688917 58258377.89978191
1.865384615384615 58865465.64857621 58865465.64857619 58865464.94456752 58865465.68089596
1.884615384615385 59472560.25372181 59472560.2537218 59472559.54833077 59472560.2785382
1.903846153846154 60079659.02253053 60079659.02253051 60079658.3162147 60079659.04000953
1.923076923076923 60686759.58126152 60686759.5812615 60686758.87540743 60686759.59185308
1.942307692307692 61293859.67084537 61293859.67084534 61293858.96771167 61293859.67526137
1.961538461538461 61900957.0024333 61900957.00243329 61900956.30515893 61900957.00164476
1.980769230769231 62508049.10779044 62508049.10779042 62508048.42046672 62508049.10304333
2 63115133.15742963 63115133.15742961 63115132.48524669 63115133.15028182
2.019230769230769 63722205.70762657 63722205.70762654 63722205.05711895 63722205.70001233
2.038461538461538 64329262.30821381 64329262.30821379 64329261.68765365 64329262.30254892
2.057692307692307 64936296.83452109 64936296.83452106 64936296.25454849 64936296.83387239
2.076923076923077 65543300.23551619 65543300.23551616 65543299.710175 65543300.24388023
2.096153846153846 66150257.90730495 66150257.90730494 66150257.4557939 66150257.93007653
2.115384615384615 66757143.27964692 66757143.2796469 66757142.92921653 66757143.32438339
2.134615384615385 67363898.12889428 67363898.12889427 67363897.91727789 67363898.20591436
2.153846153846154 67970342.54803456 67970342.54803452 67970342.46626359 67970342.65553229
2.173076923076923 68575734.64655216 68575734.64655203 68575732.89973919 68575734.39005016
2.192307692307693 69181644.49378756 69181644.49378739 69181642.97499615 69181644.36932461
2.211538461538462 69788248.81874362 69788248.81874345 69788247.59392026 69788248.78212412
2.230769230769231 70395064.73846102 70395064.73846082 70395063.66592628 70395064.74210231
2.25 71001982.38849485 71001982.38849469 71001981.40426186 71001982.41148371
2.269230769230769 71608959.94995058 71608959.94995038 71608959.02009435 71608959.98122641
2.288461538461538 72215976.68498939 72215976.6849892 72215975.78952284 72215976.71805294
2.307692307692308 72823020.59197988 72823020.59197971 72823019.71841145 72823020.62280481
2.326923076923077 73430083.95558527 73430083.95558509 73430083.09591758 73430083.98164393
2.346153846153846 74037161.40231715 74037161.40231699 74037160.55148771 74037161.42207162
2.365384615384615 74644248.92939405 74644248.92939387 74644248.08440116 74644248.94200836
2.384615384615385 75251343.36646619 75251343.36646605 75251342.52585685 75251343.37163672
2.403846153846154 75858442.04816861 75858442.04816845 75858441.21173407 75858442.0460223
2.423076923076923 76465542.59445383 76465542.59445366 76465541.76305676 76465542.58549044
2.442307692307692 77072642.74484077 77072642.74484062 77072641.92033525 77072642.72990674
2.461538461538462 77679740.21372035 77679740.2137202 77679739.3989469 77679740.19400838
2.480769230769231 78286832.54131152 78286832.54131135 78286831.74016443 78286832.51838638
2.5 78893916.9133607 78893916.91336057 78893916.13093816 78893916.88921545
2.519230769230769 79500989.91131872 79500989.91131859 79500989.15418176 79500989.88847238
2.538461538461538 80108047.12628216 80108047.12628202 80108046.4028756 80108047.10794105
2.557692307692307 80715082.50337528 80715082.50337516 80715081.82470882 80715082.49370061
2.576923076923077 81322087.11723968 81322087.11723953 81322086.4980159 81322087.12180831
2.596153846153846 81929046.61355257 81929046.61355242 81929046.07409412 81929046.64019912
2.615384615384615 82535934.99815948 82535934.99815933 82535934.56767279 82535935.05862892
2.634615384615385 83142695.74969302 83142695.74969287 83142695.46959373 83142695.86290947
2.653846153846154 83749156.93829165 83749156.93829148 83749156.80907075 83749157.1276094
2.673076923076923 84354584.39096616 84354584.39096604 84354582.44727413 84354584.1986416
2.692307692307692 84960450.34683906 84960450.34683898 84960448.54299337 84960450.17851575
2.711538461538461 85567043.83163616 85567043.83163609 85567042.36846967 85567043.7520799
2.73076923076923 86173855.24428879 86173855.24428871 86173853.96408801 86173855.20981912
2.75 86780770.42685622 86780770.42685616 86780769.25730908 86780770.41620177
2.769230769230769 87387746.4419191 87387746.44191904 87387745.34428984 87387746.44333442
2.788461538461538 87994762.13208452 87994762.13208446 87994761.08323854 87994762.13845456
2.807692307692307 88601805.30255955 88601805.30255947 88601804.28775573 88601805.3093469
2.826923076923077 89208868.13685028 89208868.13685018 89208867.14637735 89208868.14110656
2.846153846153846 89815945.20383531 89815945.20383522 89815944.23126012 89815945.20367339
2.865384615384615 90423032.46615744 90423032.46615733 90423031.50734036 90423032.46044932
2.884615384615384 91030126.73232159 91030126.7323215 91030125.78483577 91030126.72051792
2.903846153846154 91637225.32439631 91637225.32439621 91637224.38717869 91637225.30641773
2.923076923076923 92244325.85585339 92244325.8558533 92244324.92900188 92244325.83202884
2.942307692307693 92851426.0646489 92851426.06464881 92851425.14932133 92851426.03568795
2.961538461538462 93458523.66825829 93458523.66825823 93458522.76665306 93458523.635253
2.980769230769231 94065616.21516831 94065616.21516824 94065615.33058199 94065616.17962427
3 94672700.90610276 94672700.90610267 94672700.04307485 94672700.87000681
3.019230769230769 95279774.34729403 95279774.34729394 95279773.51186576 95279774.31323245
3.038461538461538 95886832.17043963 95886832.17043956 95886831.3705817 95886832.14179631
3.057692307692308 96493868.38923204 96493868.38923196 96493867.63554545 96493868.37052533
3.076923076923077 97100874.20146519 97100874.20146511 97100873.50835553 97100874.19894816
3.096153846153846 97707835.4964336 97707835.49643354 97707834.88414907 97707835.51924779
3.115384615384615 98314726.83892587 98314726.83892581 98314726.33712251 98314726.90157363
3.134615384615385 98921493.34203164 98921493.34203155 98921492.99420248 98921493.47044779
3.153846153846154 99527970.58049245 99527970.58049238 99527970.39960845 99527970.82513511
3.173076923076923 100133436.3656838 100133436.3656838 100133434.3395221 100133436.3185213
3.192307692307692 100739257.0667379 100739257.0667379 100739255.0272299 100739256.8818829
3.211538461538462 101345839.3060312 101345839.3060312 101345837.6386393 101345839.1930491
3.230769230769231 101952646.1054569 101952646.1054569 101952644.6462423 101952646.0361246
3.25 102559558.7776524 102559558.7776524 102559557.4495018 102559558.7343347
3.269230769230769 103166533.2245106 103166533.2245106 103166531.9854939 103166533.1965753
3.288461538461538 103773547.8570197 103773547.8570197 103773546.6816697 103773547.8376414
3.307692307692307 104380590.2827046 104380590.2827046 104380589.1544419 104380590.2673008
3.326923076923077 104987652.5818976 104987652.5818975 104987651.4894782 104987652.5673179
3.346153846153846 105594729.2648241 105594729.264824 105594728.2004816 105594729.2488983
3.365384615384616 106201816.2589817 106201816.2589816 106201815.2173773 106201816.2402526
3.384615384615385 106808910.3513819 106808910.3513818 106808909.3289812 106808910.3289419
3.403846153846154 107416008.8512933 107416008.8512933 107416007.8459867 107416008.8246846
3.423076923076923 108023109.3655317 108023109.3655316 108023108.3764093 108023109.3346888
3.442307692307693 108630209.6303381 108630209.630338 108630208.657571 108630209.5955629
3.461538461538462 109237307.3661182 109237307.3661181 109237306.4109235 109237307.3280834
3.480769230769231 109844400.1294415 109844400.1294415 109844399.1941267 109844400.0892242
3.5 110451485.1357561 110451485.135756 110451484.2238508 110451485.09491
3.51923076923077 111058559.0156883 111058559.0156882 111058558.1321911 111058558.9763717
3.538461538461539 111665617.440885 111665617.4408849 111665616.5926809 111665617.4060803
3.557692307692308 112272654.4924065 112272654.4924064 112272653.688962 112272654.4663026
3.576923076923077 112879661.4887397 112879661.4887396 112879660.7432873 112879661.4774387
3.596153846153846 113486624.5570204 113486624.5570203 113486623.8886606 113486624.5699587
3.615384615384615 114093518.8044794 114093518.8044793 114093518.2420176 114093518.857686
3.634615384615385 114700290.9142473 114700290.9142472 114700290.5019806 114700291.0393972
3.653846153846154 115306783.5269986 115306783.5269985 115306783.2930171 115306783.8033396
3.673076923076923 115912290.3041058 115912290.3041059 115912288.3131167 115912290.4837884
3.692307692307693 116518064.6828202 116518064.6828203 116518062.463758 116518064.5156418
3.711538461538462 117124635.2479862 117124635.2479862 117124633.415404 117124635.1160109
3.730769230769231 117731437.3241523 117731437.3241523 117731435.7189977 117731437.2276168
3.75 118338347.4419379 118338347.4419378 118338345.9860746 118338347.3711124
3.769230769230769 118945320.2983283 118945320.2983282 118945318.9483035 118945320.2455504
3.788461538461538 119552333.8601805 119552333.8601805 119552332.5890133 119552333.8198244
3.807692307692307 120159375.5326819 120159375.5326818 120159374.3223554 120159375.5005742
3.826923076923077 120766437.2909228 120766437.2909227 120766436.1288285 120766437.2639161
3.846153846153846 121373513.585434 121373513.5854339 121373512.4624971 121373513.5611278
3.865384615384615 121980600.3079874 121980600.3079873 121980599.2175992 121980600.2845474
3.884615384615385 122587694.2237478 122587694.2237477 122587693.1611256 122587694.1997885
3.903846153846154 123194792.6289473 123194792.6289471 123194791.5907402 123194792.6034566
3.923076923076923 123801893.1235685 123801893.1235684 123801892.1076175 123801893.0958637
3.942307692307692 124408993.4419855 124408993.4419853 124408992.4471896 124408993.4116945
3.961538461538461 125016091.3073795 125016091.3073794 125016090.3336463 125016091.274447
3.98076923076923 125623184.2842197 125623184.2842196 125623183.3324926 125623184.2489405
4 126230269.6024277 126230269.6024275 126230268.6747992 126230269.5655186
4.019230769230769 126837343.9166417 126837343.9166415 126837343.0165793 126837343.879371
4.038461538461538 127444402.9378182 127444402.9378181 127444402.0705566 127444402.9022332
4.057692307692307 128051440.8132093 128051440.8132091 128051439.9864211 128051440.7825476
4.076923076923077 128658448.9795956 128658448.9795955 128658448.2045595 128658448.9590736
4.096153846153846 129265413.7963482 129265413.7963481 129265413.0900854 129265413.7948229
4.115384615384615 129872310.89725 129872310.8972498 129872310.2866346 129872310.931259
4.134615384615384 130479088.4742499 130479088.4742497 130479088.0034313 130479088.5802536
4.153846153846154 131085595.826454 131085595.8264537 131085595.5408823 131085596.1138809
4.173076923076923 131691145.8589961 131691145.8589962 131691144.0160463 131691146.3401727
4.192307692307693 132296873.2263029 132296873.2263028 132296870.8884297 132296873.1158249
4.211538461538462 132903431.663747 132903431.6637467 132903429.7082731 132903431.5304811
4.230769230769231 133510228.9025845 133510228.9025842 133510227.1875942 133510228.7895259
4.25 134117136.4207639 134117136.4207635 134117134.8710264 134117136.3305304
4.269230769230769 134724107.6639686 134724107.6639682 134724106.23618 134724107.5937274
4.288461538461538 135331120.1419477 135331120.1419474 135331118.8084045 135331120.088154
4.307692307692308 135938161.0527556 135938161.0527552 135938159.7943754 135938161.0120702
4.326923076923077 136545222.2641217 136545222.2641213 136545221.0670753 136545222.2335793
4.346153846153847 137152298.1658178 137152298.1658174 137152297.0197283 137152298.1428212
4.365384615384615 137759384.6132992 137759384.6132987 137759383.5102046 137759384.5955761
4.384615384615385 138366478.3495251 138366478.3495246 138366477.2832473 138366478.3350843
4.403846153846153 138973576.6574519 138973576.6574513 138973575.6232017 138973576.6445483
4.423076923076923 139580677.1300507 139580677.1300501 139580676.1241813 139580677.117164
4.442307692307692 140187777.4996754 140187777.4996748 140187776.5195378 140187777.4855015
4.461538461538462 140794875.4921292 140794875.4921287 140794874.5360078 140794875.47559
4.480769230769231 141401968.6795985 141401968.6795979 141401967.7467195 141401968.6598738
4.5 142009054.3062306 142009054.30623 142009053.3968528 142009054.2828259
4.519230769230769 142616129.0502993 142616129.0502988 142616128.1659107 142616129.0231701
4.538461538461538 143223188.6614414 143223188.6614408 143223187.8051171 143223188.6312202
4.557692307692307 143830227.3519487 143830227.3519482 143830226.5289827 143830227.3203726
4.576923076923077 144437236.6745542 144437236.6745536 144437235.8935944 144437236.6453206
4.596153846153846 145044203.2154212 145044203.2154206 145044202.4906273 145044203.1960785
4.615384615384616 145651103.1195763 145651103.1195757 145651102.4750293 145651103.126366
4.634615384615385 146257886.0295616 146257886.0295611 146257885.5086087 146257886.1030648
4.653846153846154 146864407.5240859 146864407.5240854 146864407.1913773 146864407.8049911
4.673076923076923 147470002.6106289 147470002.6106291 147470001.0162077 147470003.4538976
4.692307692307693 148075682.7304549 148075682.7304549 148075680.3372108 148075682.7185983
4.711538461538462 148682228.5597643 148682228.5597641 148682226.5254083 148682228.4446295
4.730769230769231 149289020.8429895 149289020.8429892 149289019.0559834 149289020.7257946
4.75 149895925.7151795 149895925.7151791 149895924.1071848 149895925.6154134
4.769230769230769 150502895.3220218 150502895.3220214 150502893.8515057 150502895.2434954
4.788461538461538 151109906.7026965 151109906.7026961 151109905.3419698 151109906.6447735
4.807692307692307 151716946.8431865 151716946.8431861 151716945.5724292 151716946.8037413
4.826923076923077 152324007.5016887 152324007.5016882 152324006.3059612 152324007.4780835
4.846153846153846 152931083.0061286 152931083.0061281 152931081.8737354 152931082.9955786
4.865384615384615 153538169.1750437 153538169.1750432 153538168.0965706 153538169.1747612
4.884615384615384 154145262.7288232 154145262.7288226 154145261.6965414 154145262.7360746
4.903846153846153 154752360.9369054 154752360.9369048 154752359.9443893 154752360.9490325
4.923076923076923 155359461.3850702 155359461.3850696 155359460.4269519 155359461.3994985
4.942307692307693 155966561.8034981 155966561.8034974 155966560.8753149 155966561.8177435
4.961538461538462 156573659.9204603 156573659.9204597 156573659.0185773 156573659.9321439
4.980769230769231 157180753.3156794 157180753.3156787 157180752.437278 157180753.3225574
5 157787839.2472835 157787839.2472828 157787838.3904253 157787839.2473083
