0.01923076923076923 607071.2130119769 607071.2130119768 607071.2170608719 607068.8468978592
0.03846153846153846 1214125.292506065 1214125.292506064 1214125.309306996 1214122.688295689
0.0576923076923077 1821156.321671315 1821156.321671315 1821156.361115242 1821153.715230475
0.07692307692307693 2428154.719973824 2428154.719973824 2428154.793590923 2428152.414444163
0.09615384615384616 3035104.821370786 3035104.821370786 3035104.942849214 3035103.21950393
0.1153846153846154 3641977.564649079 3641977.56464908 3641977.749912977 3641977.220398711
0.1346153846153846 4248707.158634145 4248707.158634144 4248707.420288428 4248708.812735219
0.1538461538461539 4855076.258565178 4855076.258565177 4855076.503690791 4855079.689858492
0.1730769230769231 5460360.565425121 5460360.565425122 5460359.338198748 5460351.830081536
0.1923076923076923 6066429.175349568 6066429.17534957 6066428.119799931 6066429.78739689
0.2115384615384616 6673073.239185896 6673073.239185899 6673072.250718338 6673077.189859196
0.2307692307692308 7279906.206247449 7279906.206247454 7279905.213086252 7279911.23840776
0.25 7886833.324411304 7886833.324411309 7886832.30744221 7886838.494989044
0.2692307692307693 8493816.86659909 8493816.866599094 8493815.826167267 8493821.700749166
0.2884615384615385 9100837.661663305 9100837.661663311 9100836.606718795 9100841.898337841
0.3076923076923077 9707884.438378155 9707884.438378161 9707883.382165264 9707887.931184452
0.3269230769230769 10314949.86707964 10314949.86707965 10314948.82508884 10314952.53850756
0.3461538461538461 10922028.79521259 10922028.79521259 10922027.78398974 10922030.61290543
0.3653846153846154 11529117.35296092 11529117.35296092 11529116.38920351 11529118.31632734
0.3846153846153846 12136212.45134235 12136212.45134235 12136211.55098744 12136212.58346864
0.4038461538461539 12743311.47316454 12743311.47316455 12743310.65026425 12743310.81559905
0.4230769230769231 13350412.0628091 13350412.0628091 13350411.32801387 13350410.67193586
0.4423076923076923 13957511.96484537 13957511.96484538 13957511.32332356 13957509.90912997
0.4615384615384616 14564608.88019074 14564608.88019075 14564608.32884139 14564606.23792731
0.4807692307692308 15171700.31469887 15171700.31469887 15171699.8385954 15171697.17218906
0.5 15778783.39243347 15778783.39243348 15778782.96057791 15778779.84287519
0.5192307692307693 16385854.592904 16385854.59290401 16385854.1535171 16385850.73666768
0.5384615384615385 16992909.33980545 16992909.33980545 16992908.81538514 16992905.28716819
0.5576923076923077 17599941.29422414 17599941.29422415 17599940.5763421 17599937.17201829
0.576923076923077 18206941.01705201 18206941.01705202 18206939.96051399 18206936.98144365
0.5961538461538461 18813893.1271682 18813893.1271682 18813891.54406562 18813889.387171
0.6153846153846154 19420769.23694529 19420769.2369453 19420766.90079038 19420766.10070501
0.6346153846153846 20027505.63209085 20027505.63209086 20027502.38489477 20027503.60894131
0.6538461538461539 20633895.53852488 20633895.53852489 20633892.81866664 20633895.44533139
0.673076923076923 21239201.84627461 21239201.84627463 21239212.54928105 21239198.64426063
0.6923076923076923 21845232.28133512 21845232.2813351 21845233.86100055 21845230.98153463
0.7115384615384615 22451866.66396417 22451866.66396415 22451865.22878905 22451866.58298863
0.7307692307692308 23058695.4099808 23058695.4099808 23058692.97724941 23058695.90477817
0.75 23665620.16790239 23665620.16790238 23665617.5375445 23665620.93335646
0.7692307692307693 24272602.21431627 24272602.21431626 24272599.78143407 24272603.08339903
0.7884615384615384 24879621.99221413 24879621.99221412 24879619.97426026 24879622.86472076
0.8076923076923077 25486668.04927312 25486668.0492731 25486666.57055059 25486668.86167537
0.8269230769230769 26093732.95981555 26093732.95981554 26093732.08900578 26093733.67045357
0.8461538461538463 26700811.51616045 26700811.51616044 26700811.28497519 26700812.09710868
0.8653846153846154 27307899.81529557 27307899.81529555 27307900.22840261 27307900.24751115
0.8846153846153847 27914994.74795609 27914994.74795607 27914995.78841941 27914995.01822275
0.9038461538461539 28522093.68500872 28522093.6850087 28522095.3172081 28522093.78396943
0.9230769230769231 29129194.26488895 29129194.26488893 29129196.43588818 29129194.18581197
0.9423076923076923 29736294.23114092 29736294.2311409 29736296.87098143 29736293.96923329
0.9615384615384616 30343391.28839236 30343391.28839234 30343394.30950838 30343390.84056283
0.9807692307692307 30950482.95158687 30950482.95158685 30950486.24734403 30950482.3166131
1 31557566.36096276 31557566.36096273 31557569.80314904 31557565.54006073
1.019230769230769 32164638.02271456 32164638.02271453 32164641.45761347 32164637.0205605
1.038461538461539 32771693.404416 32771693.40441598 32771696.6468163 32771692.23075661
1.057692307692308 33378726.24184109 33378726.24184107 33378729.06593777 33378724.91399507
1.076923076923077 33985727.23161075 33985727.23161073 33985729.35729414 33985725.77854979
1.096153846153846 34592681.26568957 34592681.26568955 34592682.33921754 34592679.73545207
1.115384615384615 35199560.59940405 35199560.59940404 35199560.17744132 35199559.07542085
1.134615384615385 35806303.48357984 35806303.48357983 35806301.13453609 35806302.13617136
1.153846153846154 36412712.9754513 36412712.97545125 36412710.38108651 36412712.42236675
1.173076923076923 37018045.7354401 37018045.73544007 37018072.38367437 37018052.09458851
1.192307692307692 37624036.43102136 37624036.4310213 37624050.80956291 37624043.37820461
1.211538461538461 38230660.77483254 38230660.7748325 38230669.28965867 38230667.11155472
1.230769230769231 38837485.17294434 38837485.17294429 38837491.01962315 38837490.91724779
1.25 39444407.50243477 39444407.50243472 39444412.00806376 39444412.68432633
1.269230769230769 40051388.00844956 40051388.00844952 40051391.85183129 40051392.65380383
1.288461538461538 40658406.73685958 40658406.73685955 40658410.30880895 40658410.86952433
1.307692307692308 41265452.04950284 41265452.04950279 41265455.59025019 41265455.6928705
1.326923076923077 41872516.42227618 41872516.42227613 41872520.0837975 41872519.6001852
1.346153846153846 42479594.59095034 42479594.59095031 42479598.46876737 42479597.32825375
1.365384615384615 43086682.61836283 43086682.6183628 43086686.76912832 43086684.94135149
1.384615384615385 43693777.37424666 43693777.37424663 43693781.82598565 43693779.31102555
1.403846153846154 44300876.21692311 44300876.21692307 44300880.9751313 44300877.79779819
1.423076923076923 44907976.77832215 44907976.77832212 44907981.82952029 44907978.03623959
1.442307692307692 45515076.80039812 45515076.80039807 45515082.11396567 45515077.77147312
1.461538461538462 46122173.99086987 46122173.99086983 46122179.51956503 46122174.71504847
1.480769230769231 46729265.87303197 46729265.87303191 46729271.55234255 46729266.39493942
1.5 47336349.60233159 47336349.60233154 47336355.34859617 47336349.97238215
1.519230769230769 47943421.71026245 47943421.71026238 47943427.41728202 47943421.98613328
1.538461538461539 48550477.70609616 48550477.7060961 48550483.23965987 48550477.95470266
1.557692307692308 49157511.39653836 49157511.3965383 49157516.58582128 49157511.69665954
1.576923076923077 49764513.60679369 49764513.60679363 49764518.23086063 49764514.05233975
1.596153846153846 50371469.48644651 50371469.48644645 50371473.25339153 50371470.18928505
1.615384615384615 50978351.89325274 50978351.89325267 50978354.41305124 50978352.9780591
1.634615384615385 51585100.89739606 51585100.897396 51585101.70690759 51585102.43333632
1.653846153846154 52191528.44702717 52191528.44702715 52191528.22442318 52191529.64854977
1.673076923076923 52796889.87689929 52796889.87689926 52796910.3578032 52796883.75455943
1.692307692307693 53402840.46423615 53402840.46423613 53402852.38658935 53402840.39577036
1.711538461538462 54009454.8164148 54009454.81641477 54009462.10387634 54009456.44744322
1.730769230769231 54616274.95029096 54616274.95029095 54616280.05425572 54616276.99161201
1.75 55223194.91678796 55223194.91678796 55223198.87832551 55223196.90883733
1.769230769230769 55830173.93190859 55830173.93190859 55830177.29777173 55830175.67376751
1.788461538461539 56437191.64886589 56437191.64886589 56437194.74495364 56437193.04850676
1.807692307692308 57044236.24681281 57044236.24681282 57044239.28296924 57044237.26744083
1.826923076923077 57651300.10530145 57651300.10530146 57651303.22310825 57651300.74212867
1.846153846153846 58258377.90494599 58258377.904946 58258381.20227451 58258378.17386469
1.865384615384615 58865465.67539081 58865465.67539082 58865469.22010858 58865465.60704084
1.884615384615385 59472560.26604183 59472560.26604183 59472564.10410442 59472559.90262121
1.903846153846154 60079659.02315801 60079659.02315801 60079663.18352932 60079658.41677886
1.923076923076923 60686759.57250674 60686759.57250676 60686764.07013038 60686758.78451856
1.942307692307692 61293859.65468189 61293859.65468189 61293864.49213556 61293858.75567899
1.961538461538461 61900956.98061702 61900956.98061703 61900962.14876121 61900956.05100395
1.980769230769231 62508049.08196325 62508049.08196326 62508054.55969089 62508048.21304732
2 63115133.12922551 63115133.12922553 63115138.88225338 63115132.42487483
2.019230769230769 63722205.67880256 63722205.67880259 63722211.65725823 63722205.25776148
2.038461538461538 64329262.28084248 64329262.28084251 64329268.41512706 64329262.27982107
2.057692307692307 64936296.81131859 64936296.81131863 64936303.00524206 64936297.38886826
2.076923076923077 65543300.22048011 65543300.22048014 65543306.33970342 65543301.56098369
2.096153846153846 66150257.90714347 66150257.9071435 66150263.75884543 66150260.22081116
2.115384615384615 66757143.30763257 66757143.3076326 66757148.60242641 66757146.80377019
2.134615384615385 67363898.21868545 67363898.21868546 67363902.49788517 67363902.89750279
2.153846153846154 67970342.83674058 67970342.83674058 67970345.4827939 67970346.25347708
2.173076923076923 68575735.49330179 68575735.49330178 68575740.09540051 68575707.32126972
2.192307692307693 69181644.82493825 69181644.82493824 69181645.49329031 69181628.93264845
2.211538461538462 69788248.99968843 69788248.9996884 69788248.2592711 69788239.179888
2.230769230769231 70395064.85087724 70395064.85087718 70395063.81766836 70395057.86616589
2.25 71001982.46004876 71001982.46004869 71001981.61340381 71001977.07357493
2.269230769230769 71608959.99350239 71608959.99350232 71608959.58972366 71608955.61513287
2.288461538461538 72215976.7077245 72215976.70772444 72215976.90167347 72215973.02179298
2.307692307692308 72823020.59848075 72823020.59848069 72823021.49000245 72823017.42762104
2.326923076923077 73430083.94913125 73430083.94913115 73430085.60362132 73430081.19372384
2.346153846153846 74037161.38554065 74037161.38554054 74037163.84349218 74037158.99252957
2.365384615384615 74644248.90467276 74644248.90467264 74644252.18558401 74644246.84926429
2.384615384615385 75251343.33620542 75251343.3362053 75251347.43905964 75251341.60960327
2.403846153846154 75858442.01504576 75858442.01504566 75858446.91640449 75858440.61509988
2.423076923076923 76465542.56166494 76465542.56166483 76465548.21204391 76465541.485047
2.442307692307692 77072642.71637471 77072642.71637459 77072649.0355534 77072641.95188148
2.461538461538462 77679740.19468388 77679740.19468376 77679747.06664526 77679739.71785082
2.480769230769231 78286832.53834233 78286832.53834221 78286839.80636139 78286832.30769753
2.5 78893916.93520023 78893916.9352001 78893924.39701518 78893916.89014912
2.519230769230769 79500989.96969327 79500989.96969314 79500997.37181006 79500990.02937281
2.538461538461538 80108047.23739201 80108047.23739187 80108054.26671185 80108047.29923366
2.557692307692307 80715082.69062713 80715082.69062699 80715088.96099974 80715082.62705526
2.576923076923077 81322087.41671722 81322087.41671711 81322092.44795519 81322087.06832138
2.596153846153846 81929047.08628586 81929047.08628574 81929050.27573605 81929046.25008953
2.615384615384615 82535935.76262198 82535935.76262186 82535936.3710189 82535934.17834455
2.634615384615385 83142697.0940455 83142697.09404542 83142694.45598958 83142694.47833326
2.653846153846154 83749159.94588129 83749159.94588117 83749156.81146549 83749156.88904536
2.673076923076923 84354591.40269844 84354591.40269837 84354644.64653885 84354605.93104054
2.692307692307692 84960452.79866499 84960452.79866481 84960481.46127027 84960460.31827445
2.711538461538461 85567045.11841753 85567045.11841738 85567060.81839138 85567048.37307772
2.73076923076923 86173856.04208604 86173856.04208586 86173866.12547031 86173857.35838057
2.75 86780770.9533606 86780770.95336045 86780778.33135898 86780771.29824054
2.769230769230769 87387746.79538094 87387746.79538076 87387752.91768444 87387746.66927688
2.788461538461538 87994762.36590022 87994762.36590005 87994768.05077124 87994762.0623266
2.807692307692307 88601805.44943984 88601805.44943967 88601811.19002095 88601805.15301369
2.826923076923077 89208868.21864937 89208868.21864918 89208874.31903164 89208868.04941373
2.846153846153846 89815945.2362029 89815945.23620272 89815951.87985615 89815945.27226992
2.865384615384615 90423032.46100195 90423032.46100177 90423039.74822506 90423032.7511327
2.884615384615384 91030126.69924125 91030126.69924109 91030134.66879678 91030127.270226
2.903846153846154 91637225.27158827 91637225.27158809 91637233.91349089 91637226.13268383
2.923076923076923 92244325.7907522 92244325.79075205 92244335.05365603 92244326.93629788
2.942307692307693 92851425.99443561 92851425.99443543 92851435.78938295 92851427.40522072
2.961538461538462 93458523.60033432 93458523.60033411 93458533.80173752 93458525.24399324
2.980769230769231 94065616.15767772 94065616.15767753 94065626.6018613 94065617.98819852
3 94672700.86860457 94672700.86860436 94672711.34982705 94672702.82488146
3.019230769230769 95279774.34174402 95279774.34174381 95279784.60522203 95279776.34492971
3.038461538461538 95886832.2127797 95886832.21277949 95886841.94376215 95886834.16193904
3.057692307692308 96493868.5022147 96493868.50221449 96493877.30956386 96493870.26735452
3.076923076923077 97100874.42020084 97100874.42020065 97100881.8125021 97100875.83098745
3.096153846153846 97707835.88072079 97707835.8807206 97707841.23493114 97707836.70794886
3.115384615384615 98314727.50578302 98314727.50578281 98314730.0489639 98314727.43233413
3.134615384615385 98921494.57770841 98921494.57770824 98921493.58431737 98921493.18013699
3.153846153846154 99527973.46163268 99527973.46163248 99527971.43040068 99527970.77260706
3.173076923076923 100133444.0492491 100133444.0492489 100133501.8854458 100133457.5586386
3.192307692307692 100739259.9095491 100739259.9095488 100739295.284903 100739269.5420034
3.211538461538462 101345840.8345962 101345840.8345959 101345862.053653 101345846.3004874
3.230769230769231 101952647.0787193 101952647.078719 101952661.9678102 101952650.4600975
3.25 102559559.4399481 102559559.4399478 102559571.092253 102559561.6444797
3.269230769230769 103166533.6864302 103166533.6864299 103166543.6427549 103166535.1986593
3.288461538461538 103773548.1788873 103773548.178887 103773557.3141694 103773549.2931638
3.307692307692307 104380590.5015837 104380590.5015834 104380599.3503875 104380591.4119112
3.326923076923077 104987652.7225694 104987652.7225691 104987661.6231163 104987653.5637236
3.346153846153846 105594729.3449834 105594729.3449831 105594738.5113978 105594730.2137037
3.365384615384616 106201816.2919837 106201816.2919834 106201825.8537933 106201817.258849
3.384615384615385 106808910.3478318 106808910.3478315 106808920.3728234 106808911.464307
3.403846153846154 107416008.8200441 107416008.8200438 107416019.3278669 107416010.1227993
3.423076923076923 108023109.3143692 108023109.3143689 108023120.2845395 108023110.8279248
3.442307692307693 108630209.5665049 108630209.5665046 108630220.9426977 108630211.3047511
3.461538461538462 109237307.2967733 109237307.2967729 109237318.9883513 109237309.2636352
3.480769230769231 109844400.0621363 109844400.062136 109844411.9433086 109844402.2514792
3.5 110451485.0790151 110451485.0790148 110451496.9856071 110451487.4737343
3.51923076923077 111058558.9798282 111058558.9798279 111058570.7032567 111058561.5498896
3.538461538461539 111665617.4393148 111665617.4393145 111665628.7168928 111665620.1382217
3.557692307692308 112272654.5439154 112272654.5439151 112272665.0439954 112272657.3025104
3.576923076923077 112879661.6219711 112879661.6219708 112879670.9218006 112879664.3372004
3.596153846153846 113486624.820391 113486624.8203907 113486632.3754468 113486627.3333625
3.615384615384615 114093519.2922788 114093519.2922785 114093524.410126 114093521.3399772
3.634615384615385 114700291.8560205 114700291.8560202 114700293.8227416 114700292.9439024
3.653846153846154 115306785.777571 115306785.7775707 115306786.1944294 115306784.7572133
3.673076923076923 115912296.9089916 115912296.9089916 115912345.0131895 115912295.5094913
3.692307692307693 116518067.2217029 116518067.2217028 116518097.5224972 116518067.1579233
3.711538461538462 117124636.624236 117124636.6242359 117124654.3416229 117124635.3399629
3.730769230769231 117731438.2112851 117731438.2112849 117731450.3301505 117731436.1585294
3.75 118338348.0553738 118338348.0553737 118338357.3302712 118338345.5480666
3.769230769230769 118945320.7354414 118945320.7354412 118945328.5439829 118945317.9836753
3.788461538461538 119552334.1741443 119552334.1741441 119552341.3052355 119552331.3287883
3.807692307692307 120159375.7562489 120159375.7562487 120159382.6980479 120159372.93217
3.826923076923077 120766437.4460723 120766437.446072 120766444.5131222 120766434.7346303
3.846153846153846 121373513.6879337 121373513.6879334 121373521.0848675 121373511.1641514
3.865384615384615 121980600.369807 121980600.3698068 121980608.2261369 121980598.0966891
3.884615384615385 122587694.2544578 122587694.2544575 122587702.6446395 122587692.2856453
3.903846153846154 123194792.6366005 123194792.6366003 123194801.5918605 123194791.0179571
3.923076923076923 123801893.1153102 123801893.1153099 123801902.6304257 123801891.885736
3.942307692307692 124408993.4245249 124408993.4245246 124409003.4611765 124408992.6161323
3.961538461538461 125016091.2874116 125016091.2874114 125016101.7749021 125016090.9250869
3.98076923076923 125623184.268868 125623184.2688677 125623195.102509 125623184.3691649
4 126230269.5997893 126230269.5997891 126230280.6369112 126230270.1690209
4.019230769230769 126837343.9365562 126837343.936556 126837354.989792 126837344.9678428
4.038461538461538 127444402.9930771 127444402.9930768 127444413.8202225 127444404.4618931
4.057692307692307 128051440.9216595 128051440.9216592 128051451.2109469 128051442.7788866
4.076923076923077 128658449.1681983 128658449.168198 128658458.5173478 128658451.3282507
4.096153846153846 129265414.1100564 129265414.1100561 129265421.9983962 129265416.4274341
4.115384615384615 129872311.4220169 129872311.4220166 129872317.1880291 129872313.6351967
4.134615384615384 130479089.4141947 130479089.4141943 130479092.3695236 130479090.9690062
4.153846153846154 131085597.9115925 131085597.9115922 131085599.30866 131085597.0467801
4.173076923076923 131691151.771471 131691151.7714712 131691192.0517689 131691137.9034197
4.192307692307693 132296875.399776 132296875.3997762 132296897.909917 132296862.8971601
4.211538461538462 132903432.790149 132903432.7901489 132903444.1094307 132903421.9199285
4.230769230769231 133510229.6025022 133510229.6025021 133510236.6245988 133510219.8675656
4.25 134117136.8859279 134117136.8859278 134117142.2132867 134117128.1784777
4.269230769230769 134724107.9790901 134724107.97909 134724112.8685653 134724100.2728695
4.288461538461538 135331120.3524438 135331120.3524436 135331125.4945391 135331113.6408787
4.307692307692308 135938161.1861867 135938161.1861866 135938166.9831891 135938155.4648767
4.326923076923077 136545222.3388087 136545222.3388086 136545229.0250925 136545217.5988944
4.346153846153847 137152298.1949109 137152298.1949107 137152305.8956587 137152294.4195644
4.365384615384615 137759384.6069541 137759384.6069539 137759393.3689878 137759381.7688011
4.384615384615385 138366478.3162006 138366478.3162003 138366488.1247636 138366476.3750501
4.403846153846153 138973576.604772 138973576.6047718 138973587.3927051 138973575.5055678
4.423076923076923 139580677.0654499 139580677.0654497 139580688.7180435 139580676.7365357
4.442307692307692 140187777.430949 140187777.4309488 140187789.7881848 140187777.7827135
4.461538461538462 140794875.4279806 140794875.4279804 140794888.284926 140794876.3517866
4.480769230769231 141401968.6302739 141401968.6302736 141401981.7357252 141401969.9973504
4.5 142009054.2843696 142009054.2843693 142009067.3373409 142009055.9441178
4.519230769230769 142616129.072211 142616129.0722107 142616141.7154856 142616130.8491821
4.538461538461538 143223188.7492033 143223188.7492029 143223200.5588668 143223190.4377884
4.557692307692307 143830227.5371588 143830227.5371585 143830238.0068812 143830228.892688
4.576923076923077 144437237.0056776 144437237.0056771 144437245.5252384 144437237.7300603
4.596153846153846 145044203.7739449 145044203.7739444 145044209.6072242 145044203.4936293
4.615384615384616 145651104.0618114 145651104.061811 145651106.3646825 145651102.3004194
4.634615384615385 146257887.7258073 146257887.7258069 146257885.8984905 146257883.9303804
4.653846153846154 146864411.2823491 146864411.2823487 146864408.9409358 146864405.8084432
4.673076923076923 147470013.9228497 147470013.92285 147470091.4937235 147470033.3072546
4.692307692307693 148075687.077583 148075687.0775832 148075740.5571629 148075700.865747
4.711538461538462 148682230.8244483 148682230.8244482 148682262.2180965 148682236.9030304
4.730769230769231 149289022.26729 149289022.2672899 149289044.2206629 149289024.9586264
4.75 149895926.6788433 149895926.6788431 149895943.8853497 149895927.6814151
4.769230769230769 150502895.992484 150502895.9924838 150502910.6968639 150502896.1479641
4.788461538461538 151109907.1698956 151109907.1698953 151109920.606311 151109906.954772
4.807692307692307 151716947.1618651 151716947.1618648 151716960.0612635 151716946.8663751
4.826923076923077 152324007.7082636 152324007.7082633 152324020.5170035 152324007.5152004
4.846153846153846 152931083.1265695 152931083.1265691 152931096.1140054 152931083.1507264
4.865384615384615 153538169.2290006 153538169.2290002 153538182.545462 153538169.5387127
4.884615384615384 154145262.7320018 154145262.7320014 154145276.4419793 154145263.3615927
4.903846153846153 154752360.9025576 154752360.9025572 154752375.0043133 154752361.8597212
4.923076923076923 155359461.3250225 155359461.3250221 155359475.7621189 155359462.595127
4.942307692307693 155966561.7289498 155966561.7289493 155966576.3965239 155966563.2772831
4.961538461538462 156573659.8427007 156573659.8427002 156573674.5899422 156573661.6151612
4.980769230769231 157180753.246849 157180753.2468485 157180767.8763556 157180755.1692727
5 157787839.2013225 157787839.201322 157787853.4654837 157787841.1773961
