0.01923076923076923 607071.2130191678 607071.2130191675 607071.196454827 607064.5401263915
0.03846153846153846 1214125.292468924 1214125.292468922 1214125.23891461 1214117.624230458
0.0576923076923077 1821156.321358985 1821156.321358984 1821156.221259596 1821147.630311572
0.07692307692307693 2428154.718763838 2428154.718763837 2428154.579535078 2428144.993638385
0.09615384615384616 3035104.818300054 3035104.818300055 3035104.667211569 3035094.086409281
0.1153846153846154 3641977.558511974 3641977.558511976 3641977.429013423 3641965.94900848
0.1346153846153846 4248707.147250207 4248707.14725021 4248707.0787132 4248695.294077663
0.1538461538461539 4855076.235283774 4855076.235283774 4855076.187685776 4855069.219353808
0.1730769230769231 5460360.554146701 5460360.554146634 5460359.454487969 5460391.051796154
0.1923076923076923 6066429.180985047 6066429.180985004 6066428.909344248 6066447.372966681
0.2115384615384616 6673073.24708132 6673073.247081284 6673073.294968769 6673085.685534976
0.2307692307692308 7279906.214491543 7279906.214491499 7279906.371934763 7279915.52912046
0.25 7886833.332297123 7886833.332297074 7886833.505636727 7886840.583872367
0.2692307692307693 8493816.87369659 8493816.873696528 8493817.013911353 8493822.6003477
0.2884615384615385 9100837.66762197 9100837.667621892 9100837.745873932 9100842.182331923
0.3076923076923077 9707884.442793602 9707884.442793498 9707884.438307276 9707887.941862447
0.3269230769230769 10314949.86942057 10314949.86942045 10314949.76529255 10314952.48219269
0.3461538461538461 10922028.79483238 10922028.79483224 10922028.5782048 10922030.61113205
0.3653846153846154 11529117.34911268 11529117.34911252 11529117.01083018 11529118.43398077
0.3846153846153846 12136212.44317466 12136212.44317448 12136211.97648519 12136212.84450096
0.4038461538461539 12743311.45969904 12743311.45969884 12743310.85993352 12743311.21348497
0.4230769230769231 13350412.04289241 13350412.04289219 13350411.30739042 13350411.17682512
0.4423076923076923 13957511.93707499 13957511.93707475 13957511.06517608 13957510.47299915
0.4615384615384616 14564608.84280635 14564608.84280608 14564607.83608041 14564606.79871357
0.4807692307692308 15171700.26542013 15171700.26541984 15171699.12854818 15171697.65765346
0.5 15778783.32819592 15778783.32819561 15778782.07250606 15778780.17609178
0.5192307692307693 16385854.5093272 16385854.50932686 16385853.17309433 16385850.85662944
0.5384615384615385 16992909.23056832 16992909.23056794 16992907.92847127 16992905.1963538
0.5576923076923077 17599941.15126083 17599941.15126042 17599939.96107152 17599936.81917225
0.576923076923077 18206940.82858744 18206940.82858699 18206939.77272088 18206936.23385195
0.5961538461538461 18813892.87394131 18813892.87394083 18813891.96252499 18813888.06050546
0.6153846153846154 19420768.88299596 19420768.88299545 19420768.12050317 19420763.95449817
0.6346153846153846 20027505.09345444 20027505.09345391 20027504.48932865 20027500.41475416
0.6538461538461539 20633894.51789281 20633894.51789243 20633894.32188934 20633892.46813408
0.673076923076923 21239200.78043578 21239200.78043698 21239204.73247235 21239214.80002141
0.6923076923076923 21845232.08369285 21845232.08369357 21845234.36267081 21845239.0465049
0.7115384615384615 22451866.63070432 22451866.63070479 22451867.68961912 22451870.63435815
0.7307692307692308 23058695.4351988 23058695.43519911 23058695.68082096 23058697.92306314
0.75 23665620.22000939 23665620.22000958 23665619.85977422 23665621.7680714
0.7692307692307693 24272602.2802319 24272602.280232 24272601.44155595 24272603.18385728
0.7884615384615384 24879622.06548015 24879622.06548019 24879620.83710979 24879622.50123602
0.8076923076923077 25486668.12632187 25486668.12632184 25486666.57530216 25486668.21109488
0.8269230769230769 26093733.03848657 26093733.03848649 26093731.21807287 26093732.85528238
0.8461538461538463 26700811.59498797 26700811.59498783 26700809.5485505 26700811.20550364
0.8653846153846154 27307899.89312742 27307899.89312724 27307897.65623789 27307899.34447662
0.8846153846153847 27914994.8237493 27914994.8237491 27914992.42671717 27914994.15369399
0.9038461538461539 28522093.75769464 28522093.75769437 28522091.22748374 28522092.99825498
0.9230769230769231 29129194.33326096 29129194.33326065 29129191.69467358 29129193.51305904
0.9423076923076923 29736294.29374005 29736294.2937397 29736291.57019065 29736293.43965726
0.9615384615384616 30343391.34337243 30343391.34337203 30343388.55749136 30343390.48192235
0.9807692307692307 30950482.99653701 30950482.99653656 30950480.17070593 30950482.15517802
1 31557566.39265266 31557566.39265217 31557563.54942707 31557565.60111659
1.019230769230769 32164638.03669949 32164638.03669893 32164635.19890687 32164637.32827751
1.038461538461539 32771693.39437368 32771693.39437309 32771690.58467261 32771692.80717593
1.057692307692308 33378726.19836619 33378726.19836554 33378723.43839473 33378725.77706922
1.076923076923077 33985727.13982385 33985727.13982312 33985724.44994436 33985726.93957332
1.096153846153846 34592681.09985846 34592681.09985767 34592678.50319591 34592681.1970005
1.115384615384615 35199560.30842059 35199560.30841976 35199557.84500335 35199560.82350381
1.134615384615385 35806302.93924052 35806302.93923968 35806300.71859032 35806304.074435
1.153846153846154 36412711.66723263 36412711.66723203 36412710.36198046 36412713.55815284
1.173076923076923 37018043.27326395 37018043.27326632 37018049.1917001 37018037.53699883
1.192307692307692 37624035.59542149 37624035.59542295 37624039.31984248 37624030.17006655
1.211538461538461 38230660.35121334 38230660.35121429 38230662.51943194 38230656.21958547
1.230769230769231 38837484.92772014 38837484.92772077 38837486.09170837 38837481.69804726
1.25 39444407.35724981 39444407.35725022 39444407.77893992 39444404.82322118
1.269230769230769 40051387.92715184 40051387.92715206 40051387.76303352 40051385.97442213
1.288461538461538 40658406.69935237 40658406.69935243 40658406.06965433 40658405.27281902
1.307692307692308 41265452.04284558 41265452.0428455 41265451.1747549 41265451.24737093
1.326923076923077 41872516.43869823 41872516.43869802 41872515.53033589 41872516.38265271
1.346153846153846 42479594.62494759 42479594.62494727 42479593.72820717 42479595.29213708
1.365384615384615 43086682.66571382 43086682.66571341 43086681.81364895 43086684.03648714
1.384615384615385 43693777.43159372 43693777.43159319 43693776.64992964 43693779.49055485
1.403846153846154 44300876.28145579 44300876.28145515 44300875.59309871 44300879.01961844
1.423076923076923 44907976.8475607 44907976.84755998 44907976.27623174 44907980.26454035
1.442307692307692 45515076.87205375 45515076.87205292 45515076.44014799 45515080.97311722
1.461538461538462 46122174.06272336 46122174.06272246 46122173.78456974 46122178.8517281
1.480769230769231 46729265.9427839 46729265.94278289 46729265.8230299 46729271.42067315
1.5 47336349.66741599 47336349.6674149 47336349.70271959 47336355.83445475
1.519230769230769 47943421.76758108 47943421.76757987 47943421.9473699 47943428.6251397
1.538461538461539 48550477.75159629 48550477.75159498 48550478.05714697 48550485.30279594
1.557692307692308 49157511.4245111 49157511.42450967 49157511.82666285 49157519.67399368
1.576923076923077 49764513.60853191 49764513.60853034 49764514.06422234 49764522.56082235
1.596153846153846 50371469.44719255 50371469.44719084 50371469.89382975 50371479.09862535
1.615384615384615 50978351.78393067 50978351.78392883 50978352.13117892 50978362.08530994
1.634615384615385 51585100.64513222 51585100.6451303 51585100.77957401 51585111.29135643
1.653846153846154 52191527.76087138 52191527.76086997 52191527.90142406 52191536.04247867
1.673076923076923 52796888.3141236 52796888.31412853 52796895.37204263 52796862.00291953
1.692307692307693 53402839.91553091 53402839.915534 53402843.73117232 53402820.68292396
1.711538461538462 54009454.53431638 54009454.53431833 54009456.23267368 54009440.89493904
1.730769230769231 54616274.78400338 54616274.78400466 54616275.21307813 54616264.46957912
1.75 55223194.81581685 55223194.81581766 55223194.3560224 55223186.84847718
1.769230769230769 55830173.8731738 55830173.87317426 55830172.7327699 55830167.73159732
1.788461538461539 56437191.61992473 56437191.61992489 56437189.92722578 56437186.98480261
1.807692307692308 57044236.24028917 57044236.24028905 57044234.08006262 57044232.897059
1.826923076923077 57651300.11659193 57651300.1165916 57651297.54709734 57651297.91136073
1.846153846153846 58258377.93113452 58258377.931134 58258374.99312238 58258376.74818482
1.865384615384615 58865465.71468487 58865465.71468411 58865462.4365301 58865465.46392888
1.884615384615385 59472560.31746724 59472560.3174663 59472556.71757101 59472560.92629724
1.903846153846154 60079659.08641734 60079659.08641619 60079655.17186415 60079660.49180395
1.923076923076923 60686759.64791691 60686759.64791558 60686755.414375 60686761.79215632
1.942307692307692 61293859.74313643 61293859.74313492 61293855.17970072 61293862.57609672
1.961538461538461 61900957.0836479 61900957.08364618 61900952.17445761 61900960.5628802
1.980769230769231 62508049.20189626 62508049.20189434 62508043.92566186 62508053.29148948
2 63115133.26944238 63115133.26944023 63115127.59861241 63115137.93921599
2.019230769230769 63722205.84417794 63722205.84417549 63722199.7438197 63722211.06919742
2.038461538461538 64329262.47849938 64329262.47849668 64329255.90490161 64329268.23876213
2.057692307692307 64936297.0520134 64936297.05201036 64936289.95131843 64936303.33203104
2.076923076923077 65543300.52136198 65543300.52135876 65543292.82967629 65543307.30881638
2.096153846153846 66150258.29791859 66150258.29791508 66150249.94927181 66150265.57842901
2.115384615384615 66757143.84696011 66757143.84695636 66757134.81617777 66757151.57768293
2.134615384615385 67363899.0516102 67363899.05160631 67363889.61215323 67363907.01037937
2.153846153846154 67970344.51921073 67970344.51920782 67970337.85886152 67970350.80783199
2.173076923076923 68575738.91608521 68575738.91609469 68575773.35582016 68575718.54710798
2.192307692307693 69181646.09802662 69181646.0980325 69181667.79453799 69181630.77072856
2.211538461538462 69788249.73410194 69788249.73410551 69788263.08672841 69788238.92332311
2.230769230769231 70395065.35866074 70395065.35866298 70395073.96986622 70395057.16971189
2.25 71001982.84348309 71001982.84348446 71001988.19888155 71001976.45800598
2.269230769230769 71608960.29948753 71608960.29948831 71608963.17107561 71608955.2808228
2.288461538461538 72215976.96218574 72215976.96218596 72215977.81366467 72215973.04500692
2.307692307692308 72823020.81759779 72823020.81759758 72823019.95732945 72823017.82919884
2.326923076923077 73430084.14393233 73430084.14393178 73430081.79370743 73430081.96875893
2.346153846153846 74037161.56406911 74037161.56406814 74037157.8899294 74037160.1214475
2.365384615384615 74644249.07307962 74644249.07307832 74644244.1985151 74644248.30085307
2.384615384615385 75251343.49932806 75251343.49932641 75251337.51297526 75251343.34399594
2.403846153846154 75858442.17675301 75858442.17675103 75858435.14045621 75858442.59061635
2.423076923076923 76465542.725086 76465542.72508368 76465534.68023323 76465543.66561164
2.442307692307692 77072642.8840452 77072642.88404259 77072633.85533012 77072644.31315373
2.461538461538462 77679740.36864553 77679740.36864269 77679730.36606975 77679742.25192802
2.480769230769231 78286832.72024034 78286832.72023717 78286821.74016052 78286835.02643916
2.5 78893917.12641086 78893917.12640741 78893905.15208799 78893919.82732721
2.519230769230769 79500990.17150027 79500990.17149653 79500977.17310217 79500993.24202549
2.538461538461538 80108047.45120603 80108047.45120202 80108033.3822822 80108050.8660662
2.557692307692307 80715082.91831143 80715082.91830711 80715067.67045331 80715086.60604095
2.576923076923077 81322087.66182858 81322087.6618239 81322071.07687658 81322091.51136036
2.596153846153846 81929047.35538276 81929047.35537778 81929029.36356837 81929051.32879299
2.615384615384615 82535936.06914465 82535936.06913939 82535916.74947518 82535940.15077652
2.634615384615385 83142697.47201709 83142697.4720117 83142677.57901417 83142701.59903888
2.653846153846154 83749160.52486466 83749160.52486068 83749146.30547392 83749163.90007819
2.673076923076923 84354592.44887564 84354592.44889027 84354656.39041249 84354580.75442892
2.692307692307692 84960453.29470453 84960453.29471393 84960495.4588028 84960444.36764061
2.711538461538461 85567045.47644308 85567045.47644889 85567072.40611236 85567039.63443229
2.73076923076923 86173856.34291139 86173856.34291522 86173874.8276069 86173852.27100074
2.75 86780771.22343522 86780771.22343768 86780783.97347583 86780768.32400917
2.769230769230769 87387747.04716939 87387747.04717083 87387755.43758442 87387744.98680139
2.788461538461538 87994762.60668993 87994762.6066906 87994767.44454952 87994761.17293048
2.807692307692307 88601805.6841872 88601805.6841872 88601807.49037252 88601804.73048539
2.826923076923077 89208868.45113932 89208868.45113871 89208867.58675423 89208867.8733834
2.846153846153846 89815945.469611 89815945.46960981 89815942.20368049 89815945.19809645
2.865384615384615 90423032.69827057 90423032.69826895 90423027.24231471 90423032.69034739
2.884615384615384 91030126.94315319 91030126.94315101 91030119.4465739 91030127.15379223
2.903846153846154 91637225.52482575 91637225.5248231 91637216.08841056 91637225.90469967
2.923076923076923 92244326.05614577 92244326.05614263 92244314.75052276 92244326.56018956
2.942307692307693 92851426.27517068 92851426.27516708 92851413.14836994 92851426.86370407
2.961538461538462 93458523.90015733 93458523.90015326 93458508.981215 93458524.53833506
2.980769230769231 94065616.48115835 94065616.48115383 94065599.78207548 94065617.13836122
3 94672701.22151308 94672701.22150818 94672682.7383634 94672701.87100282
3.019230769230769 95279774.73163901 95279774.73163374 95279754.44542366 95279775.35062999
3.038461538461538 95886832.64998822 95886832.64998251 95886810.52801012 95886833.22016402
3.057692307692308 96493869.00159706 96493869.00159088 96493845.00080615 96493869.50963488
3.076923076923077 97100875.0046723 97100875.00466569 97100849.08143649 97100875.44141771
3.096153846153846 97707836.5890896 97707836.58908249 97707808.74202681 97707836.95346567
3.115384615384615 98314728.41232646 98314728.41231892 98314698.86533824 98314728.73957106
3.134615384615385 98921495.85732469 98921495.85731709 98921465.88047735 98921496.26236115
3.153846153846154 99527975.73303369 99527975.73302799 99527954.42214233 99527976.48027776
3.173076923076923 100133448.529313 100133448.5293336 100133542.1338003 100133446.681233
3.192307692307692 100739261.4742771 100739261.4742906 100739324.7607882 100739259.4935724
3.211538461538462 101345841.7247546 101345841.7247629 101345881.9995208 101345840.8419487
3.230769230769231 101952647.7045784 101952647.7045839 101952675.5399582 101952647.534096
3.25 102559559.9273255 102559559.927329 102559579.4701676 102559560.2430578
3.269230769230769 103166534.0908446 103166534.0908468 103166547.4284908 103166534.7507461
3.288461538461538 103773548.5303332 103773548.5303342 103773556.8811204 103773549.433673
3.307692307692307 104380590.8186014 104380590.8186014 104380594.9632891 104380591.8878306
3.326923076923077 104987653.0178748 104987653.017874 104987653.4896402 104987654.190524
3.346153846153846 105594729.6281132 105594729.6281116 105594726.8074617 105594730.8522821
3.365384615384616 106201816.5707023 106201816.5707 106201810.7374114 106201817.8022249
3.384615384615385 106808910.6289698 106808910.6289669 106808901.9925528 106808911.8295458
3.403846153846154 107416009.1100635 107416009.1100599 107415997.8287071 107416010.2461185
3.423076923076923 108023109.6197977 108023109.6197934 108023095.8122598 108023110.6614633
3.442307692307693 108630209.894348 108630209.8943432 108630193.6473141 108630210.8143293
3.461538461538462 109237307.6549685 109237307.6549631 109237289.0280088 109237308.4278935
3.480769230769231 109844400.4601202 109844400.4601143 109844379.4888319 109844401.06201
3.5 110451485.528515 110451485.5285085 110451462.22645 110451485.9363106
3.51923076923077 111058559.4960632 111058559.4960561 111058533.8561926 111058559.6872981
3.538461538461539 111665618.0429553 111665618.0429476 111665590.0401262 111665617.9959306
3.557692307692308 112272655.2645196 112272655.2645114 112272624.8636936 112272654.9611199
3.576923076923077 112879662.5046503 112879662.5046414 112879629.6901393 112879661.9432495
3.596153846153846 113486625.940762 113486625.9407525 113486590.7837176 113486625.1500755
3.615384615384615 114093520.7949673 114093520.7949573 114093483.6652759 114093519.8463369
3.634615384615385 114700294.0820078 114700294.0819979 114700256.679308 114700293.1676904
3.653846153846154 115306789.9266407 115306789.9266335 115306763.4621161 115306789.786329
3.673076923076923 115912306.1561513 115912306.1561792 115912423.7215796 115912309.9011639
3.692307692307693 116518070.4325386 116518070.4325576 116518151.8479917 116518072.2764137
3.711538461538462 117124638.3612017 117124638.3612132 117124689.2801662 117124639.9638116
3.730769230769231 117731439.3683641 117731439.3683717 117731474.0938999 117731440.9529272
3.75 118338348.90478 118338348.9047851 118338372.9396005 118338350.4719679
3.769230769230769 118945321.3965727 118945321.3965758 118945337.4785858 118945322.9124164
3.788461538461538 119552334.710946 119552334.7109476 119552344.4298331 119552336.13749
3.807692307692307 120159376.2077254 120159376.2077257 120159380.5820062 120159377.509912
3.826923076923077 120766437.8384185 120766437.8384176 120766437.5658742 120766438.985513
3.846153846153846 121373514.0402067 121373514.0402048 121373509.6191075 121373515.0028429
3.865384615384615 121980600.6969669 121980600.6969641 121980592.4886136 121980601.4415713
3.884615384615385 122587694.5690413 122587694.5690376 122587682.8420226 122587695.0619967
3.903846153846154 123194792.9498014 123194792.9497968 123194777.9070318 123194793.1596098
3.923076923076923 123801893.4378391 123801893.4378338 123801875.2301251 123801893.3326482
3.942307692307692 124408993.7673363 124408993.7673303 124408972.5051581 124408993.316103
3.961538461538461 125016091.6623955 125016091.6623887 125016067.4279993 125016090.8398328
3.98076923076923 125623184.6896066 125623184.6895991 125623157.546699 125623183.481004
4 126230270.0823792 126230270.082371 126230240.0966393 126230268.5006348
4.019230769230769 126837344.5006019 126837344.500593 126837311.821633 126837342.6651867
4.038461538461538 127444403.6658476 127444403.6658381 127444368.3935276 127444401.6651693
4.057692307692307 128051441.7425593 128051441.742549 128051403.9016914 128051439.6001512
4.076923076923077 128658450.1975689 128658450.1975579 128658409.8287194 128658447.9401683
4.096153846153846 129265415.4492024 129265415.4491907 129265372.6988672 129265413.1275007
4.115384615384615 129872313.2647093 129872313.264697 129872268.664941 129872310.9875259
4.134615384615384 130479092.2173268 130479092.2173145 130479047.9196096 130479090.2636116
4.153846153846154 131085603.2777869 131085603.2777779 131085572.3144718 131085602.695739
4.173076923076923 131691165.1003057 131691165.1003406 131691302.4189132 131691172.1172295
4.192307692307693 132296880.2758811 132296880.2759058 132296978.4788468 132296884.4525029
4.211538461538462 132903435.4374255 132903435.4374404 132903495.5801145 132903438.3366912
4.230769230769231 133510231.3686595 133510231.3686692 133510271.5636996 133510233.6087392
4.25 134117138.1808322 134117138.1808386 134117165.2905915 134117139.9257325
4.269230769230769 134724108.9830825 134724108.9830865 134724126.4009829 134724110.2898723
4.288461538461538 135331121.1625068 135331121.1625088 135331130.8537036 135331122.0511602
4.307692307692308 135938161.8616887 135938161.8616892 135938165.0843749 135938162.3372878
4.326923076923077 136545222.9196627 136545222.9196617 136545220.5360885 136545222.9807622
4.346153846153847 137152298.7100105 137152298.7100084 137152291.3401895 137152298.3523151
4.365384615384615 137759385.0785671 137759385.0785639 137759373.1842367 137759384.2969463
4.384615384615385 138366478.7624773 138366478.7624731 138366462.6967907 138366477.5525581
4.403846153846153 138973577.0413118 138973577.0413067 138973557.0802243 138973575.4010513
4.423076923076923 139580677.506396 139580677.5063898 139580653.8671186 139580675.4352802
4.442307692307692 140187777.8898426 140187777.8898355 140187750.7395293 140187775.3847466
4.461538461538462 140794875.9185435 140794875.9185356 140794845.3840215 140794872.9747019
4.480769230769231 141401969.1673057 141401969.1672968 141401935.3441466 141401965.7812126
4.5 142009054.8848996 142009054.8848897 142009017.8435368 142009051.0557424
4.519230769230769 142616129.7571433 142616129.7571325 142616089.5485189 142616125.4880885
4.538461538461538 143223189.5459153 143223189.5459037 143223146.209558 143223184.8462315
4.557692307692307 143830228.4840037 143830228.4839914 143830182.0640425 143830223.3731665
4.576923076923077 144437238.1605965 144437238.1605834 144437188.7443067 144437232.6770054
4.596153846153846 145044205.2330427 145044205.2330287 145044153.0578247 145044199.4548558
4.615384615384616 145651106.0065224 145651106.0065078 145651051.8111073 145651100.1107655
4.634615384615385 146257890.5763656 146257890.576351 146257837.106022 146257885.0591656
4.653846153846154 146864416.4663304 146864416.4663201 146864379.2903672 146864413.5111738
4.673076923076923 147470026.5547133 147470026.554757 147470190.5813517 147470046.0679785
4.692307692307693 148075691.6461213 148075691.6461538 148075814.4542564 148075705.7985713
4.711538461538462 148682233.2671728 148682233.2671924 148682307.5882796 148682242.654165
4.730769230769231 149289023.8978751 149289023.897888 149289073.3244528 149289030.8837259
4.75 149895927.8844397 149895927.8844483 149895961.1773194 149895933.2647671
4.769230769230769 150502896.9403793 150502896.9403847 150502918.3828712 150502901.075265
4.788461538461538 151109907.9489561 151109907.948959 151109920.0061098 151109911.031814
4.807692307692307 151716947.8260101 151716947.8260111 151716952.0704496 151716949.9726957
4.826923076923077 152324008.2935587 152324008.293558 152324005.8013666 152324009.5791065
4.846153846153846 152931083.6591325 152931083.65913 152931075.2046254 152931084.1355526
4.865384615384615 153538169.7291256 153538169.7291217 153538155.8914565 153538169.4357463
4.884615384615384 154145263.2165377 154145263.2165325 154145244.4444296 154145262.1883915
4.903846153846153 154752361.3864376 154752361.3864312 154752338.0412534 154752359.6624428
4.923076923076923 155359461.8224072 155359461.8223997 155359434.1983463 155359459.4430037
4.942307692307693 155966562.254169 155966562.2541605 155966530.5811874 155966559.249129
4.961538461538462 156573660.4111418 156573660.4111323 156573624.8655684 156573656.7997359
4.980769230769231 157180753.8759997 157180753.875989 157180714.5933621 157180749.6722657
5 157787839.912164 157787839.9121522 157787796.9963996 157787835.1281114
